                   MONTHLY CLIMATOLOGICAL SUMMARY for feb 2021


NAME: Mlaga, Santander, Colombia                  
ELEV: 2200 meters    LAT: 06-42.23 N    LONG: 072-43.79 W


                   TEMPERATURE (C), RAIN (cm), WIND SPEED (km/h)

                                         HEAT   COOL         AVG
      MEAN                               DEG    DEG          WIND                   DOM
DAY   TEMP   HIGH   TIME    LOW   TIME   DAYS   DAYS   RAIN  SPEED   HIGH   TIME    DIR
---------------------------------------------------------------------------------------
 01   18,8   29,4  13:24   11,6  06:36    0,0    0,5   0,00    1,3   32,2  15:06    345
 02   19,3   28,8  13:38   14,1  05:48    0,0    0,9   0,02    1,0   17,7  14:21     79
 03   19,2   28,8  14:33   11,0  06:35    0,0    0,8   0,00    1,5   19,3  13:20     89
 04   20,1   29,7  14:24   11,1  06:46    0,0    1,7   0,34    1,2   17,7  12:08     88
 05   18,5   27,1  11:58   12,3  05:30    0,0    0,1   0,00    0,6   17,7  15:07     28
 06   18,2   26,5  12:06   12,4  05:59    0,2    0,0   0,00    0,5   19,3  13:40     70
 07   18,3   28,1  14:00   11,7  05:52    0,0    0,0   2,68    1,0   19,3  12:08     92
 08   18,3   28,4  13:15   12,0  03:59    0,0    0,0   0,04    0,9   22,5  17:08     71
 09   16,5   26,2  12:31   12,0  06:28    1,9    0,0   2,62    0,7   19,3  12:55     65
 10   16,5   23,2  14:11   11,8  05:26    1,8    0,0   0,04    0,1   11,3  14:49    139
 11   18,2   26,9  13:53   13,5  23:42    0,2    0,0   0,12    0,6   16,1  12:17    105
 12   18,6   27,0  14:09   12,3  06:36    0,0    0,2   1,84    0,7   16,1  11:37     91
 13   18,0   27,1  13:53   12,2  06:15    0,3    0,0   0,06    0,7   17,7  14:18     78
 14   16,7   23,2  12:25   12,2  23:57    1,6    0,0   0,00    0,1   12,9  11:39     80
 15   16,8   27,6  12:53   12,1  01:09    1,6    0,0   0,38    0,3   17,7  15:06     36
 16   16,6   25,4  13:00   11,1  06:34    1,7    0,0   0,92    0,4   17,7  12:53    102
 17   16,3   21,6  15:23   12,6  06:34    2,0    0,0   0,14    0,1   14,5  10:21    103
 18   17,5   26,7  13:55    8,6  06:31    0,9    0,0   0,00    0,6   14,5  11:27     89
 19   18,1   26,1  14:40   12,6  04:23    0,3    0,0   0,00    1,1   22,5  16:26    112
 20   17,6   24,6  15:20   12,7  06:25    0,7    0,0   0,00    0,7   19,3  13:57    135
 21   17,3   24,6  12:03   12,5  02:01    1,0    0,0   0,00    0,3   14,5  10:17     91
 22   18,5   26,9  12:51   13,4  06:15    0,0    0,1   0,38    0,7   20,9  11:51     94
 23   18,3   26,9  14:00   14,3  23:53    0,0    0,0   1,48    0,8   16,1  12:07     77
 24   18,0   27,2  13:37   12,6  06:23    0,3    0,0   0,02    0,8   17,7  12:51     58
 25   18,4   25,5  14:07   12,6  04:02    0,0    0,0   0,00    0,6   20,9  14:15      8
 26   18,3   27,2  14:07   12,2  06:23    0,1    0,0   0,04    0,5   20,9  17:05     94
 27   18,1   26,2  14:47   12,1  05:36    0,3    0,0   0,00    0,3   16,1  10:32     93
 28   17,5   27,7  13:24   11,8  06:15    0,9    0,0   0,58    0,8   25,7  16:01    106
---------------------------------------------------------------------------------------
      17,9   29,7     04    8,6     18   15,7    4,5  11,70    0,7   32,2     01     80
    
