                   MONTHLY CLIMATOLOGICAL SUMMARY for jun 2020


NAME: Mlaga, Santander, Colombia                  
ELEV: 2200 meters    LAT: 06-42.23 N    LONG: 072-43.79 W


                   TEMPERATURE (C), RAIN (cm), WIND SPEED (km/h)

                                         HEAT   COOL         AVG
      MEAN                               DEG    DEG          WIND                   DOM
DAY   TEMP   HIGH   TIME    LOW   TIME   DAYS   DAYS   RAIN  SPEED   HIGH   TIME    DIR
---------------------------------------------------------------------------------------
 01   16,9   24,1  11:27   13,3  05:49    1,4    0,0   0,16    0,7   12,9  11:48     59
 02   17,8   24,7  14:32   12,3  03:53    0,5    0,0   0,02    0,7   16,1  14:27     84
 03   17,4   22,7  15:35   13,8  05:41    0,9    0,0   0,20    0,8   17,7  12:12     69
 04   18,9   27,4  13:05   13,7  06:14    0,0    0,5   0,02    1,1   16,1  17:15     26
 05   19,0   26,7  13:14   12,9  05:52    0,0    0,6   0,94    1,3   17,7  09:56     95
 06   16,0   23,3  10:28   12,5  02:39    2,3    0,0   0,10    0,8   16,1  14:04     70
 07   17,5   24,1  10:29   11,6  05:37    0,8    0,0   0,04    1,4   19,3  15:17      1
 08   18,0   25,7  13:14   11,8  05:55    0,3    0,0   0,00    0,8   14,5  12:48    356
 09   18,0   25,6  11:39   13,3  06:01    0,4    0,0   0,22    0,7   17,7  13:36     51
 10   16,0   21,6  11:36   14,3  06:17    2,3    0,0   2,06    0,4   11,3  11:40    103
 11   17,2   24,3  12:10   13,2  05:44    1,2    0,0   0,12    0,6   14,5  14:46     13
 12   17,5   23,4  15:52   13,6  06:09    0,8    0,0   0,00    0,8   14,5  12:16     49
 13   17,4   26,1  13:11   12,4  05:50    1,0    0,0   0,44    0,8   16,1  13:57    100
 14   18,3   25,7  15:01   12,2  03:41    0,0    0,0   1,36    1,1   17,7  10:35     25
 15   16,4   23,3  11:05   12,8  05:43    1,9    0,0   0,50    0,5   17,7  12:07    340
 16   17,0   23,9  11:07   11,8  05:52    1,4    0,0   0,16    0,1   14,5  13:16    122
 17   16,9   22,1  12:43   13,6  06:01    1,5    0,0   0,84    0,3    9,7  10:05     73
 18   16,0   23,3  11:19   12,1  05:32    2,3    0,0   0,12    0,4   14,5  10:53     88
 19   17,5   24,2  13:00   13,2  00:10    0,8    0,0   0,12    0,5   17,7  10:14    117
 20   17,7   26,4  13:49   13,3  02:38    0,7    0,0   0,22    0,5   14,5  11:43     96
 21   17,5   24,2  14:03   12,4  06:06    0,9    0,0   0,06    0,6   14,5  14:25     86
 22   18,2   23,4  11:28   13,9  05:30    0,1    0,0   0,00    1,8   29,0  17:42    333
 23   18,5   26,8  12:34   13,0  05:32    0,0    0,2   0,00    4,0   43,5  11:59    332
 24   19,9   25,6  11:41   15,8  05:21    0,0    1,5   0,00    6,7   41,8  13:23    329
 25   20,0   27,1  14:33   14,8  06:09    0,0    1,7   0,00    3,9   33,8  11:27    330
 26   17,6   24,3  10:46   13,3  22:26    0,7    0,0   0,26    0,8   16,1  17:39     28
 27   18,8   26,7  14:47   12,4  05:25    0,0    0,5   0,02    1,6   24,1  13:36    349
 28   16,4   21,9  13:32   11,7  05:54    1,9    0,0   0,12    0,6   14,5  13:50     57
 29   18,7   25,7  12:31   13,4  05:13    0,0    0,4   0,00    2,4   27,4  11:40    330
 30   19,1   27,2  14:18   10,7  05:35    0,0    0,8   0,00    1,1   17,7  11:48     88
---------------------------------------------------------------------------------------
      17,7   27,4     04   10,7     30   24,1    6,2   8,10    1,3   43,5     23    352
    
