                   MONTHLY CLIMATOLOGICAL SUMMARY for ago 2020


NAME: Mlaga, Santander, Colombia                  
ELEV: 2200 meters    LAT: 06-42.23 N    LONG: 072-43.79 W


                   TEMPERATURE (C), RAIN (cm), WIND SPEED (km/h)

                                         HEAT   COOL         AVG
      MEAN                               DEG    DEG          WIND                   DOM
DAY   TEMP   HIGH   TIME    LOW   TIME   DAYS   DAYS   RAIN  SPEED   HIGH   TIME    DIR
---------------------------------------------------------------------------------------
 01   17,7   24,2  11:58   14,3  21:47    0,7    0,0   0,26    0,4   12,9  11:23     10
 02   18,2   25,6  11:51   12,6  03:34    0,1    0,0   0,00    0,9   16,1  11:17     21
 03   18,3   25,0  11:15   13,9  03:58    0,0    0,0   0,44    0,9   16,1  10:04     27
 04   17,5   22,1  11:50   14,4  06:08    0,8    0,0   0,04    1,0   19,3  14:31    340
 05   17,6   24,3  11:55   13,1  06:14    0,7    0,0   0,14    0,7   17,7  11:49     19
 06   17,5   26,5  12:22   12,7  05:43    0,9    0,0   0,24    1,1   22,5  14:08    354
 07   18,3   25,3  14:07   12,8  06:32    0,1    0,0   0,10    0,4   16,1  10:27     69
 08   19,6   26,3  15:36   14,3  03:38    0,0    1,3   0,04    1,4   25,7  12:22    340
 09   17,8   23,3  13:16   13,3  05:46    0,5    0,0   0,18    0,5   14,5  10:29     13
 10   18,6   24,6  11:23   14,7  06:25    0,0    0,3   0,02    0,4   12,9  10:33     46
 11   18,3   24,6  11:03   12,4  06:02    0,0    0,0   0,12    0,6   16,1  10:50     62
 12   19,6   28,9  12:57   13,9  05:51    0,0    1,3   0,00    1,3   22,5  13:04     15
 13   18,1   26,8  13:12   13,2  04:46    0,3    0,0   0,42    1,1   32,2  13:36    353
 14   17,8   25,9  12:16   12,5  03:56    0,6    0,0   1,10    0,7   16,1  12:28     85
 15   18,3   26,2  12:57   11,7  06:04    0,0    0,0   0,02    0,7   16,1  11:29     85
 16   18,6   25,8  13:12   14,0  06:31    0,0    0,3   0,82    0,9   14,5  12:49     59
 17   15,3   18,2  13:01   12,8  03:06    3,0    0,0   0,00    0,1    9,7  10:50     70
 18   17,3   22,1  13:23   12,3  05:19    1,1    0,0   0,02    0,4   12,9  11:54     67
 19   17,8   24,2  13:35   14,4  22:40    0,5    0,0   1,40    0,7   14,5  15:53     99
 20   17,6   24,6  15:10   12,8  02:05    0,7    0,0   0,58    1,0   16,1  13:46      3
 21   17,5   24,4  11:44   14,4  06:24    0,8    0,0   0,16    1,3   19,3  14:02     14
 22   16,6   23,2  12:19   13,0  06:14    1,8    0,0   0,86    1,6   17,7  13:15    358
 23   16,6   22,3  13:29   14,2  04:52    1,7    0,0   1,06    0,9   14,5  12:44     62
 24   17,9   25,1  13:26   14,1  06:15    0,5    0,0   2,90    0,9   20,9  13:28    335
 25   17,3   25,4  14:36   13,9  06:14    1,1    0,0   0,40    1,6   19,3  14:09    354
 26   16,7   22,4  11:04   13,3  05:03    1,6    0,0   0,24    1,3   12,9  10:22     90
 27   17,8   25,7  14:00   11,9  05:03    0,5    0,0   0,00    2,0   17,7  14:03     91
 28   19,2   27,3  13:35   12,4  06:08    0,0    0,9   0,00    5,5   33,8  15:20    331
 29   19,2   27,6  13:09   13,1  05:55    0,0    0,9   0,00    3,9   30,6  11:10    331
 30   16,2   23,0  14:34   10,8  02:47    2,1    0,0   0,00    1,3   16,1  10:59     98
 31   17,4   26,3  12:07   12,6  06:10    1,0    0,0   0,00    0,9   12,9  09:42     83
---------------------------------------------------------------------------------------
      17,8   28,9     12   10,8     30   20,9    5,0  11,56    1,2   33,8     28      9
    
