                   MONTHLY CLIMATOLOGICAL SUMMARY for jul 2022


NAME: Malaga, Santander, Colombia                  
ELEV: 2200 meters    LAT: 06-42.23 N    LONG: 072-43.79 W


                   TEMPERATURE (C), RAIN (cm), WIND SPEED (km/h)

                                         HEAT   COOL         AVG
      MEAN                               DEG    DEG          WIND                   DOM
DAY   TEMP   HIGH   TIME    LOW   TIME   DAYS   DAYS   RAIN  SPEED   HIGH   TIME    DIR
---------------------------------------------------------------------------------------
 01   17,1   23,6  14:50   14,1  06:13    1,2    0,0   1,08    0,0    6,4  13:22    N/A
 02   16,8   22,6  15:58   14,0  04:23    1,5    0,0   0,36    0,0   12,9  11:41    348
 03   18,7   26,1  14:16   13,4  05:49    0,0    0,4   0,06    0,1   14,5  11:03    127
 04   17,2   23,4  12:21   13,6  06:03    1,1    0,0   0,00    0,3   16,1  10:42    159
 05   17,7   24,7  11:45   12,0  06:14    0,7    0,0   0,04    0,2   12,9  09:56     58
 06   17,4   24,7  12:57   13,4  06:12    0,9    0,0   0,10    0,3   17,7  13:34    349
 07   17,5   25,4  12:11   10,9  06:02    0,8    0,0   0,00    0,1   12,9  12:05     67
 08   17,3   21,8  14:09   13,9  00:01    1,0    0,0   0,00    0,0   11,3  14:10    158
 09   17,3   22,6  09:44   13,4  06:07    1,1    0,0   0,14    0,0   11,3  16:02     25
 10   17,1   23,8  12:11   11,8  05:35    1,3    0,0   0,00    0,0   11,3  13:04    349
 11   15,9   19,7  14:22   12,5  04:47    2,4    0,0   0,22    0,0    3,2  22:25    N/A
 12   17,5   26,4  13:49   11,3  06:04    0,8    0,0   0,02    0,1   11,3  13:22     79
 13   18,6   26,0  14:58   12,6  05:34    0,0    0,3   0,00    0,5   25,7  19:37    346
 14   18,0   25,9  13:27   11,2  06:00    0,4    0,0   0,00    0,0   12,9  10:51     71
 15   17,6   25,9  12:52   11,6  04:15    0,7    0,0   0,00    0,0    9,7  10:45     90
 16   17,7   26,7  13:29   11,1  05:50    0,6    0,0   0,06    0,0   11,3  13:47     83
 17   18,1   24,9  11:07   12,6  23:04    0,2    0,0   1,26    0,2   22,5  22:35    117
 18   16,3   25,3  13:19   11,8  06:02    2,0    0,0   0,40    0,1   11,3  13:14    359
 19   17,3   21,9  16:26   12,8  06:17    1,0    0,0   0,02    0,0   14,5  13:16     45
 20   17,7   25,5  14:16   13,8  04:01    0,7    0,0   0,14    0,4   17,7  14:38      8
 21   16,1   21,6  12:59   13,1  05:04    2,3    0,0   0,16    0,0    8,0  17:15    N/A
 22   17,2   25,3  12:15   12,4  06:00    1,2    0,0   0,06    0,4   16,1  11:29     74
 23   17,9   26,9  13:16   11,8  03:09    0,4    0,0   0,00    0,9   20,9  14:31     61
 24   18,4   24,9  13:59   14,2  00:01    0,0    0,1   0,00    0,3   16,1  16:06     75
 25   16,6   21,2  11:17   13,3  00:00    1,7    0,0   0,68    0,0    8,0  11:15     22
 26   16,9   23,6  12:49   13,1  05:16    1,4    0,0   0,04    0,0   11,3  13:47     68
 27   16,9   24,3  13:05   13,9  06:44    1,5    0,0   2,22    0,0   11,3  14:08     16
 28   16,5   22,1  12:00   13,0  06:15    1,8    0,0   1,96    0,0   11,3  12:47     56
 29   15,6   22,5  11:54   12,2  23:48    2,7    0,0   0,68    0,0    8,0  14:08    124
 30   17,1   27,6  13:14   10,5  04:14    1,2    0,0   0,24    0,2   12,9  10:01     77
 31   17,5   26,3  13:46   11,5  05:12    0,9    0,0   0,06    0,0   12,9  12:30     70
---------------------------------------------------------------------------------------
      17,3   27,6     30   10,5     30   33,6    0,8  10,00    0,1   25,7     13     48
    
