                   MONTHLY CLIMATOLOGICAL SUMMARY for oct 2019


NAME: Mlaga, Santander, Colombia                  
ELEV: 2200 meters    LAT: 06-42.23 N    LONG: 072-43.79 W


                   TEMPERATURE (C), RAIN (cm), WIND SPEED (km/h)

                                         HEAT   COOL         AVG
      MEAN                               DEG    DEG          WIND                   DOM
DAY   TEMP   HIGH   TIME    LOW   TIME   DAYS   DAYS   RAIN  SPEED   HIGH   TIME    DIR
---------------------------------------------------------------------------------------
 01   18,3   26,8  13:31   13,7  06:02    0,0    0,0   0,02    1,3   20,9  13:58     13
 02   17,9   25,9  13:21   12,7  05:31    0,4    0,0   0,00    1,1   19,3  13:55     93
 03   14,7   18,6  14:50   12,3  22:41    3,6    0,0   0,22    0,1   12,9  17:11    325
 04   16,7   24,0  11:07   10,7  06:07    1,7    0,0   0,02    0,4   16,1  12:09      9
 05   17,5   24,2  12:37   12,9  05:58    0,9    0,0   0,00    0,2   14,5  10:34     72
 06   17,2   25,3  12:11   11,9  06:14    1,1    0,0   0,00    0,6   20,9  10:23    100
 07   18,0   26,2  13:56   11,9  05:42    0,4    0,0   0,00    0,7   19,3  13:17    100
 08   17,6   25,9  12:27   12,3  05:08    0,8    0,0   0,00    1,1   22,5  14:15     44
 09   18,3   27,6  14:20   12,0  05:45    0,0    0,0   0,00    0,8   17,7  11:47     65
 10   17,4   25,6  12:07   13,5  05:50    0,9    0,0   0,26    0,5   19,3  11:13    112
 11   16,4   23,6  10:16   14,2  03:49    1,9    0,0   1,56    0,1   14,5  13:42    359
 12   16,9   25,2  13:31   12,3  05:08    1,5    0,0   0,68    0,5   16,1  09:54    157
 13   18,0   24,3  12:17   13,1  04:05    0,3    0,0   0,00    0,3   14,5  10:18    141
 14   17,5   24,9  11:54   13,1  05:52    0,8    0,0   0,00    0,5   19,3  12:33    101
 15   17,1   24,6  13:23   11,2  05:47    1,2    0,0   0,00    1,4   30,6  15:29    326
 16   17,4   23,8  12:20   12,7  05:59    1,0    0,0   0,00    0,8   22,5  12:42    352
 17   18,0   27,2  13:03   14,3  05:29    0,3    0,0   0,80    0,5   19,3  13:05    144
 18   17,0   26,4  13:44   13,3  23:59    1,3    0,0   2,88    0,9   22,5  16:51    149
 19   16,6   22,5  12:24   11,8  04:11    1,7    0,0   1,08    0,6   17,7  22:45     12
 20   17,3   23,7  15:17   13,4  05:23    1,0    0,0   0,18    1,4   19,3  10:57     10
 21   17,0   23,7  14:08   14,4  06:56    1,3    0,0   0,54    1,7   20,9  11:26    138
 22   16,8   24,4  12:43   13,6  06:05    1,5    0,0   0,90    1,6   24,1  17:58     93
 23   17,0   26,7  13:43   12,9  03:54    1,3    0,0   1,36    1,3   17,7  14:21     83
 24   17,6   25,1  13:49   12,8  05:55    0,8    0,0   0,94    1,5   24,1  23:24    122
 25   16,7   26,2  13:04   12,3  05:52    1,6    0,0   2,58    1,7   22,5  16:30     71
 26   16,9   24,7  11:23   11,9  06:01    1,5    0,0   0,04    0,6   16,1  10:50     77
 27   17,3   23,4  12:44   13,3  05:58    1,0    0,0   0,04    0,6   12,9  10:02    101
 28   17,9   26,7  12:25   11,6  05:44    0,4    0,0   0,02    0,7   19,3  13:05    129
 29   18,4   26,7  12:46   12,1  06:01    0,0    0,1   0,00    0,4   14,5  10:10    122
 30   17,6   25,9  12:38   11,4  05:55    0,8    0,0   0,00    0,4   14,5  08:51    109
 31   18,5   26,9  12:26   12,2  05:50    0,0    0,1   0,00    0,4   16,1  13:31    134
---------------------------------------------------------------------------------------
      17,3   27,6     09   10,7     04   31,1    0,2  14,12    0,8   30,6     15     84
    
