                   MONTHLY CLIMATOLOGICAL SUMMARY for nov 2022


NAME: Malaga, Santander, Colombia                  
ELEV: 2200 meters    LAT: 06-42.23 N    LONG: 072-43.79 W


                   TEMPERATURE (C), RAIN (cm), WIND SPEED (km/h)

                                         HEAT   COOL         AVG
      MEAN                               DEG    DEG          WIND                   DOM
DAY   TEMP   HIGH   TIME    LOW   TIME   DAYS   DAYS   RAIN  SPEED   HIGH   TIME    DIR
---------------------------------------------------------------------------------------
 01
 02
 03
 04
 05   16,8   21,5  12:30   14,2  06:40    1,5    0,0   0,76    0,0    4,8  14:00    N/A
 06   17,2   22,4  12:35   12,9  05:05    1,1    0,0   0,08    0,0    6,4  09:15    338
 07   17,2   25,5  13:20   12,3  04:00    1,1    0,0   2,18    0,0    9,7  11:20    147
 08   16,7   24,5  12:20   12,4  04:15    1,6    0,0   0,20    0,0    6,4  09:40    N/A
 09   15,5   20,1  12:35   12,3  04:40    2,8    0,0   2,54    0,0    4,8  12:40    338
 10   16,2   23,6  14:10   12,0  04:25    2,1    0,0   0,18    0,0    8,0  10:15    N/A
 11   17,6   24,0  11:50   13,3  05:05    0,7    0,0   0,22    0,0   12,9  09:50    180
 12   16,5   23,8  12:04   14,7  22:50    1,8    0,0   2,12    0,1   14,5  12:27    166
 13   16,9   24,1  11:54   13,8  05:50    1,4    0,0   2,48    0,0   11,3  10:07    162
 14   18,0   24,9  15:01   13,8  02:40    0,4    0,0   0,62    0,0   12,9  11:52     60
 15   16,9   24,7  11:50   12,9  06:09    1,5    0,0   0,40    0,0   14,5  11:37     68
 16   17,5   25,6  12:24   11,2  05:52    0,8    0,0   0,00    0,0    9,7  12:42     68
 17   16,9   24,4  14:16   12,9  05:57    1,4    0,0   0,48    0,0    8,0  11:29     68
 18   15,7   19,8  12:27   12,8  23:53    2,7    0,0   0,80    0,0    3,2  11:17    N/A
 19   17,7   26,9  12:13   11,2  05:36    0,6    0,0   0,02    0,0   12,9  13:36    N/A
 20   17,7   25,5  12:10   12,4  05:57    0,6    0,0   0,38    0,0   11,3  11:14    193
 21   18,4   23,8  14:32   13,9  05:14    0,0    0,1   0,22    0,1   11,3  11:08     84
 22   17,1   21,4  14:05   14,3  00:00    1,2    0,0   0,00    0,0    3,2  14:10    N/A
 23   16,0   21,0  11:20   11,2  06:10    2,3    0,0   0,00    0,1    9,7  12:45    158
 24   17,4   24,4  14:04   14,0  23:31    0,9    0,0   0,26    0,2   19,3  16:05     93
 25   17,6   25,9  13:43   12,7  05:54    0,7    0,0   0,02    0,2   16,1  11:38     96
 26   16,2   21,8  12:08   13,6  23:51    2,1    0,0   1,20    0,0    9,7  11:49     95
 27   15,8   23,8  12:14   11,3  04:32    2,5    0,0   0,34    0,1   11,3  11:25     73
 28   15,6   19,5  15:20   13,2  05:39    2,8    0,0   0,00    0,0    1,6  02:00    N/A
 29   16,8   21,3  12:13   13,7  06:00    1,6    0,0   0,12    0,0    6,4  09:28    N/A
 30   16,6   22,7  13:24   13,6  03:38    1,7    0,0   0,22    0,0   12,9  13:24    129
---------------------------------------------------------------------------------------
      16,9   26,9     19   11,2     23   38,2    0,1  15,84    0,0   19,3     24    101
    
