                   MONTHLY CLIMATOLOGICAL SUMMARY for ago 2019


NAME: Mlaga, Santander, Colombia                  
ELEV: 2200 meters    LAT: 06-42.23 N    LONG: 072-43.79 W


                   TEMPERATURE (C), RAIN (cm), WIND SPEED (km/h)

                                         HEAT   COOL         AVG
      MEAN                               DEG    DEG          WIND                   DOM
DAY   TEMP   HIGH   TIME    LOW   TIME   DAYS   DAYS   RAIN  SPEED   HIGH   TIME    DIR
---------------------------------------------------------------------------------------
 01   17,3   23,2  11:53   12,3  06:19    1,0    0,0   0,04    1,1   14,5  10:17     36
 02   17,9   25,7  11:10   12,5  05:50    0,4    0,0   0,06    1,5   19,3  13:53     59
 03   16,8   24,6  12:07   13,3  04:35    1,5    0,0   0,26    1,1   16,1  16:48     64
 04   17,2   23,7  14:18   11,6  05:22    1,1    0,0   0,16    1,2   14,5  10:27     25
 05   18,7   27,3  12:47   13,2  05:56    0,0    0,4   0,02    1,8   20,9  14:57    337
 06   18,5   25,6  10:58   13,6  05:32    0,0    0,2   0,02    1,9   19,3  15:39     67
 07   17,5   25,0  11:29   11,6  05:44    0,8    0,0   0,16    1,5   20,9  10:23     24
 08   16,9   24,9  11:01   12,2  06:10    1,4    0,0   0,26    1,2   19,3  13:32     71
 09   18,0   24,8  14:27   12,1  04:55    0,3    0,0   0,00    1,6   19,3  14:34      4
 10   18,4   27,8  12:40   12,1  05:26    0,0    0,1   0,32    1,5   25,7  15:20     31
 11   17,6   27,5  13:07   12,2  06:04    0,7    0,0   0,22    1,2   19,3  11:59     64
 12   17,7   26,2  11:45   12,2  05:45    0,6    0,0   0,08    1,2   17,7  10:18     58
 13   18,0   25,6  10:48   12,9  05:13    0,3    0,0   0,48    1,3   16,1  09:30      5
 14   16,8   24,1  12:22   12,2  05:52    1,5    0,0   0,16    0,9   17,7  12:50     39
 15   16,2   23,8  11:21   11,6  05:30    2,1    0,0   0,18    0,9   19,3  10:51     29
 16   15,4   18,3  14:32   13,4  22:05    3,0    0,0   0,02    0,0   12,9  14:04     73
 17   16,3   22,6  13:59   12,1  05:50    2,0    0,0   0,00    0,9   12,9  14:03     59
 18   17,2   26,8  12:50   13,4  04:10    1,2    0,0   0,40    1,2   20,9  14:06      0
 19   16,0   25,4  11:15   12,8  04:02    2,4    0,0   0,26    0,9   27,4  13:36    103
 20   16,8   24,4  13:25   12,1  01:56    1,5    0,0   0,76    1,7   19,3  12:46    346
 21   17,7   27,1  14:42   11,6  02:14    0,7    0,0   0,00    1,2   14,5  09:28     16
 22   18,2   26,1  12:05   12,0  06:06    0,2    0,0   0,00    1,3   16,1  09:32     85
 23   17,3   24,1  10:33   12,8  04:20    1,0    0,0   0,24    1,3   17,7  09:56     56
 24   17,1   24,8  12:22   12,1  05:45    1,2    0,0   0,32    2,0   22,5  09:23    354
 25   17,6   25,7  14:42   13,0  00:00    0,7    0,0   0,00    1,2   19,3  10:03      6
 26   19,8   28,7  13:10   12,3  04:53    0,0    1,5   0,00    2,2   22,5  17:01     14
 27   19,9   28,8  14:18   13,8  05:52    0,0    1,6   2,86    1,8   22,5  21:19     85
 28   18,7   25,8  14:18   13,5  01:45    0,0    0,3   0,02    1,3   19,3  13:20     86
 29   19,3   28,1  13:55   12,8  04:22    0,0    1,0   0,00    1,7   19,3  15:55     70
 30   18,9   28,4  12:24   11,6  04:18    0,0    0,6   0,00    1,6   17,7  14:13     23
 31   18,9   27,8  11:55   12,1  05:39    0,0    0,5   0,00    1,3   17,7  10:10     98
---------------------------------------------------------------------------------------
      17,7   28,8     27   11,6     30   25,8    6,2   7,30    1,3   27,4     19     34
    
