                   MONTHLY CLIMATOLOGICAL SUMMARY for sep 2020


NAME: Mlaga, Santander, Colombia                  
ELEV: 2200 meters    LAT: 06-42.23 N    LONG: 072-43.79 W


                   TEMPERATURE (C), RAIN (cm), WIND SPEED (km/h)

                                         HEAT   COOL         AVG
      MEAN                               DEG    DEG          WIND                   DOM
DAY   TEMP   HIGH   TIME    LOW   TIME   DAYS   DAYS   RAIN  SPEED   HIGH   TIME    DIR
---------------------------------------------------------------------------------------
 01   18,0   25,5  12:06   13,8  23:21    0,3    0,0   0,82    0,5   14,5  12:57     74
 02   15,2   18,9  14:31   13,3  22:14    3,1    0,0   0,72    0,3    9,7  11:06     96
 03   18,0   26,1  12:54   13,2  04:36    0,3    0,0   0,16    0,4   16,1  13:43    114
 04   18,2   24,2  12:04   13,1  06:01    0,1    0,0   0,12    0,6   17,7  09:54    340
 05   18,7   25,6  12:36   12,2  06:18    0,0    0,4   0,40    0,2   17,7  09:57    142
 06   17,3   22,4  10:27   11,8  05:33    1,0    0,0   0,04    0,1   17,7  15:33    110
 07   17,8   24,2  11:53   13,1  06:03    0,5    0,0   0,36    0,3   14,5  12:13     75
 08   15,8   20,7  13:56   13,4  21:58    2,5    0,0   0,24    0,1   11,3  13:21     95
 09   16,5   21,4  16:42   13,4  06:14    1,9    0,0   0,06    0,0    6,4  07:15    338
 10   17,8   24,8  11:24   13,9  03:55    0,5    0,0   0,04    0,4   14,5  14:01    344
 11   18,5   26,3  12:22   15,2  04:02    0,0    0,2   0,12    0,5   19,3  14:50    112
 12   17,7   23,4  15:51   14,1  23:59    0,7    0,0   0,58    0,3   16,1  13:42    341
 13   17,7   25,8  14:22   11,7  04:56    0,6    0,0   0,02    0,4   17,7  11:02    108
 14   16,9   25,4  11:55   11,7  06:06    1,4    0,0   0,00    0,3   19,3  15:21     82
 15   17,8   26,0  13:03   11,0  05:51    0,5    0,0   0,00    0,3   17,7  12:40     84
 16   17,3   24,4  15:11   13,2  05:28    1,0    0,0   0,00    0,2   14,5  15:54     78
 17   17,7   26,5  12:46   12,6  06:18    0,6    0,0   1,30    0,6   17,7  12:06     77
 18   17,9   26,3  14:12   12,9  05:30    0,4    0,0   2,26    0,6   19,3  14:39    122
 19   18,1   28,1  12:40   13,2  00:45    0,2    0,0   1,88    0,7   22,5  12:50     12
 20   18,1   25,7  14:56   13,4  05:51    0,3    0,0   0,72    0,4   16,1  12:03     65
 21   18,5   25,4  12:01   12,7  05:54    0,0    0,1   0,06    1,3   20,9  12:55    339
 22   18,8   28,4  12:41   11,6  06:09    0,0    0,4   1,32    0,6   19,3  11:55    104
 23   17,5   26,5  13:24   11,4  05:53    0,8    0,0   0,02    0,4   20,9  10:20     93
 24   18,2   24,0  13:07   12,9  05:42    0,1    0,0   0,02    0,9   19,3  10:24      7
 25   18,4   26,2  11:27   12,8  04:13    0,0    0,1   0,06    1,0   22,5  15:31     17
 26   17,8   26,2  12:31   11,6  05:43    0,5    0,0   0,00    0,8   19,3  13:18     77
 27   18,1   27,1  13:06   12,4  05:00    0,2    0,0   0,00    0,9   30,6  11:33    348
 28   17,1   25,8  11:58   11,1  05:52    1,2    0,0   0,02    0,5   17,7  10:28    103
 29   17,9   26,6  11:50   12,2  05:30    0,5    0,0   0,00    0,6   17,7  09:57     48
 30   18,6   24,8  14:57   13,4  05:57    0,0    0,2   0,00    0,2   16,1  10:36    102
---------------------------------------------------------------------------------------
      17,7   28,4     22   11,0     15   19,6    1,5  11,34    0,5   30,6     27     49
    
