                   MONTHLY CLIMATOLOGICAL SUMMARY for nov 2019


NAME: Mlaga, Santander, Colombia                  
ELEV: 2200 meters    LAT: 06-42.23 N    LONG: 072-43.79 W


                   TEMPERATURE (C), RAIN (cm), WIND SPEED (km/h)

                                         HEAT   COOL         AVG
      MEAN                               DEG    DEG          WIND                   DOM
DAY   TEMP   HIGH   TIME    LOW   TIME   DAYS   DAYS   RAIN  SPEED   HIGH   TIME    DIR
---------------------------------------------------------------------------------------
 01   18,3   25,7  12:51   12,6  05:55    0,0    0,0   0,00    0,5   17,7  13:13    137
 02   17,5   23,5  14:49   12,9  05:25    0,9    0,0   0,00    0,1   14,5  10:56    142
 03   19,3   26,3  14:00   14,2  00:00    0,0    1,0   0,02    0,7   17,7  12:28    119
 04   18,5   26,7  12:36   14,1  05:46    0,0    0,2   0,68    0,3   17,7  11:20    134
 05   18,0   25,4  12:00   13,6  05:32    0,3    0,0   0,02    0,3   17,7  15:34    328
 06   18,1   28,2  12:49   11,9  05:50    0,3    0,0   0,00    0,5   25,7  14:05      2
 07   18,7   28,0  13:35   11,9  05:27    0,0    0,3   0,12    0,5   17,7  12:14    114
 08   18,9   28,8  12:26   13,8  03:12    0,0    0,6   0,00    0,4   17,7  11:17    109
 09   19,1   25,1  12:41   14,6  06:04    0,0    0,7   0,02    0,4   16,1  10:58    128
 10   17,4   25,0  12:38   14,5  23:54    0,9    0,0   4,10    0,6   19,3  11:36    107
 11   17,4   24,7  14:20   13,2  05:23    0,9    0,0   0,16    0,5   16,1  14:28     99
 12   17,3   24,1  11:25   13,7  22:38    1,0    0,0   3,08    0,6   16,1  09:56     91
 13   17,1   22,8  11:13   13,3  05:26    1,2    0,0   0,88    1,1   16,1  09:39    106
 14   16,9   23,0  11:42   13,9  05:34    1,5    0,0   2,44    1,2   17,7  13:17    131
 15   17,3   23,2  12:36   14,5  05:12    1,0    0,0   1,46    1,4   17,7  11:27    102
 16   17,1   22,1  14:34   12,9  23:58    1,3    0,0   0,64    1,3   16,1  10:23    112
 17   17,6   24,9  14:50   12,5  06:09    0,8    0,0   0,00    1,6   16,1  11:01    104
 18   18,0   25,2  15:07   11,6  05:48    0,3    0,0   0,00    1,8   19,3  11:31    116
 19   17,5   23,1  11:47   14,2  03:23    0,9    0,0   0,56    1,9   16,1  13:11    147
 20   18,2   24,4  12:19   13,1  05:20    0,2    0,0   0,00    2,1   17,7  10:49    125
 21   17,5   22,8  11:44   14,5  04:41    0,8    0,0   0,46    1,2   16,1  09:43     83
 22   16,3   22,4  11:02   12,9  03:46    2,1    0,0   2,72    1,2   19,3  11:36    121
 23   16,3   22,7  13:10   13,4  05:46    2,1    0,0   3,84    1,3   19,3  13:14     97
 24   17,8   25,2  14:20   11,5  06:00    0,5    0,0   0,00    1,7   17,7  12:29    109
 25   18,9   27,3  13:29   11,9  05:43    0,0    0,6   0,28    1,6   16,1  10:48    116
 26   18,8   25,8  13:59   13,6  06:07    0,0    0,5   0,00    1,4   16,1  15:21     12
 27   19,5   27,0  12:54   12,9  04:27    0,0    1,2   0,00    2,2   24,1  20:20    119
 28   17,9   26,2  14:17   12,6  05:56    0,4    0,0   0,00    1,1   11,3  12:40     67
 29   17,9   24,4  12:39   12,3  05:59    0,4    0,0   0,00    1,5   14,5  12:54     99
 30   18,5   25,4  13:21   12,6  06:07    0,0    0,1   0,00    1,8   19,3  13:23    113
---------------------------------------------------------------------------------------
      17,9   28,8     08   11,5     24   17,7    5,3  21,48    1,1   25,7     06    110
    
