                   MONTHLY CLIMATOLOGICAL SUMMARY for mar 2023


NAME: Malaga, Santander, Colombia                  
ELEV: 2200 meters    LAT: 06-42.23 N    LONG: 072-43.79 W


                   TEMPERATURE (C), RAIN (cm), WIND SPEED (km/h)

                                         HEAT   COOL         AVG
      MEAN                               DEG    DEG          WIND                   DOM
DAY   TEMP   HIGH   TIME    LOW   TIME   DAYS   DAYS   RAIN  SPEED   HIGH   TIME    DIR
---------------------------------------------------------------------------------------
 01   19,2   27,9  12:41   13,3  06:11    0,0    0,9   0,02    0,3   12,9  11:39     90
 02   19,1   28,8  12:56   13,2  06:15    0,0    0,8   0,00    0,6   12,9  11:27     40
 03   20,0   29,4  13:13   13,6  05:52    0,0    1,7   0,14    0,8   16,1  10:19     72
 04   18,2   24,8  12:49   13,9  05:57    0,1    0,0   0,02    0,3   16,1  14:01      6
 05   18,6   27,3  13:11   13,3  05:19    0,0    0,3   0,10    0,8   12,9  11:56     77
 06   19,2   27,4  13:58   13,8  06:34    0,0    0,8   0,10    0,7   16,1  15:24     73
 07   17,2   23,7  12:56   12,7  06:06    1,1    0,0   0,04    0,1   14,5  14:36     89
 08   16,3   22,7  10:58   12,4  05:14    2,0    0,0   0,76    0,0    6,4  10:17    153
 09   14,5   15,8  13:33   13,4  23:51    3,8    0,0   3,44    0,0    6,4  16:29    N/A
 10   16,6   24,4  12:55   13,3  03:56    1,7    0,0   1,44    0,0    8,0  11:58    124
 11   15,1   17,7  13:04   13,6  02:16    3,3    0,0   0,70    0,0    3,2  08:27     22
 12   15,5   19,1  11:40   13,3  03:20    2,8    0,0   0,14    0,0    4,8  12:17    N/A
 13   16,1   21,9  11:39   13,6  06:04    2,2    0,0   0,20    0,0    6,4  11:25    N/A
 14   16,7   25,2  12:07   11,6  06:36    1,6    0,0   0,06    0,0   11,3  12:08    112
 15   16,8   25,8  11:53   10,6  05:45    1,5    0,0   0,62    0,1   12,9  14:37    105
 16   16,6   24,1  14:02   13,1  03:34    1,7    0,0   1,82    0,0    8,0  13:43    N/A
 17   16,9   24,2  13:49   12,3  06:39    1,4    0,0   1,66    0,0   14,5  13:45     88
 18   18,3   25,3  12:32   13,2  06:31    0,1    0,0   0,00    0,2   12,9  14:10     72
 19   18,1   25,5  12:58   12,6  06:22    0,2    0,0   0,06    0,3   22,5  15:28     74
 20   17,8   26,2  13:39   11,7  05:58    0,6    0,0   0,00    0,2   12,9  13:33     70
 21   18,1   27,4  13:07   12,1  06:22    0,3    0,0   0,00    0,2   14,5  14:10     68
 22   18,0   27,3  12:59   10,6  04:53    0,3    0,0   0,00    0,2   11,3  09:35     68
 23   18,4   25,7  15:29   12,8  06:01    0,0    0,1   0,00    0,1   12,9  13:53     93
 24   15,7   15,8  00:01   15,7  00:15    2,6    0,0   0,00    0,0    1,6  00:05    N/A
 25
 26
 27
 28
 29
 30
 31
---------------------------------------------------------------------------------------
      17,5   29,4     03   10,6     22   27,5    4,5  11,32    0,2   22,5     19     68
    
