                   MONTHLY CLIMATOLOGICAL SUMMARY for ene 2021


NAME: Mlaga, Santander, Colombia                  
ELEV: 2200 meters    LAT: 06-42.23 N    LONG: 072-43.79 W


                   TEMPERATURE (C), RAIN (cm), WIND SPEED (km/h)

                                         HEAT   COOL         AVG
      MEAN                               DEG    DEG          WIND                   DOM
DAY   TEMP   HIGH   TIME    LOW   TIME   DAYS   DAYS   RAIN  SPEED   HIGH   TIME    DIR
---------------------------------------------------------------------------------------
 01   18,1   27,3  13:52   13,0  06:06    0,2    0,0   0,00    0,7   19,3  11:21     86
 02   17,3   25,4  13:37   11,2  05:41    1,0    0,0   0,00    0,4   14,5  11:36     71
 03   17,0   25,5  14:35   10,8  06:02    1,4    0,0   0,00    0,5   19,3  14:33    138
 04   17,5   24,9  13:26   12,2  23:59    0,9    0,0   0,16    0,6   19,3  15:36    138
 05   16,6   25,8  13:58    9,2  06:02    1,8    0,0   0,00    1,0   17,7  13:33     94
 06   17,0   23,3  13:58   12,8  06:17    1,3    0,0   0,00    0,2   12,9  14:00    103
 07   18,3   26,3  13:41   13,8  06:07    0,0    0,0   0,02    0,6   17,7  13:40     91
 08   16,2   20,3  10:08   12,6  06:13    2,1    0,0   0,06    0,1   14,5  09:14     36
 09   17,2   23,8  13:40   13,3  02:36    1,2    0,0   0,06    0,3   16,1  11:43     75
 10   17,7   25,4  12:00   12,4  06:16    0,7    0,0   0,00    0,7   22,5  13:02    353
 11   16,5   24,3  15:04   12,5  06:35    1,8    0,0   0,32    0,2   19,3  20:40     24
 12   18,1   27,2  13:00   10,0  06:06    0,3    0,0   0,00    0,9   17,7  15:02     88
 13   17,7   27,9  13:30   10,9  06:19    0,6    0,0   0,00    0,6   17,7  14:52     87
 14   18,2   28,4  13:52   11,3  06:23    0,1    0,0   0,00    0,5   16,1  13:33     81
 15   17,7   27,2  14:43   11,7  06:19    0,7    0,0   0,00    0,7   19,3  12:20     93
 16   16,7   25,9  13:23    9,5  05:52    1,6    0,0   0,00    0,8   19,3  13:57    129
 17   17,3   28,0  14:00   10,7  06:19    1,0    0,0   0,00    1,1   16,1  12:17     78
 18   17,3   27,3  14:25   10,9  04:45    1,0    0,0   0,00    1,4   17,7  13:44     81
 19   16,6   26,8  13:12    9,1  06:10    1,7    0,0   0,00    0,9   27,4  16:12     18
 20   17,5   27,4  13:43    8,8  05:31    0,8    0,0   0,00    1,0   16,1  15:50     84
 21   18,6   26,8  13:05   14,7  06:18    0,0    0,3   0,00    0,7   25,7  15:15    122
 22   19,4   27,9  14:08   13,9  06:52    0,0    1,1   0,00    1,0   19,3  15:18     96
 23   18,9   28,2  13:10   12,3  06:10    0,0    0,6   0,00    0,6   17,7  12:13     95
 24   17,2   24,9  11:11   11,5  06:26    1,1    0,0   0,00    0,4   16,1  14:23     71
 25   17,5   27,2  12:45   10,8  05:35    0,8    0,0   0,00    1,0   22,5  12:33     18
 26   18,4   26,9  13:38   11,8  05:19    0,0    0,1   0,00    0,8   17,7  12:27     77
 27   18,4   27,6  13:13   11,3  06:39    0,0    0,0   0,00    1,2   22,5  14:54    113
 28   18,2   27,6  13:23   12,1  06:03    0,1    0,0   0,00    0,9   24,1  15:03    125
 29   17,4   27,7  14:19   10,2  05:25    0,9    0,0   0,00    1,4   17,7  12:31     68
 30   18,1   29,4  14:00   10,0  06:37    0,2    0,0   0,00    1,4   17,7  11:44     92
 31   18,2   28,6  13:42   10,3  04:25    0,1    0,0   0,00    1,3   25,7  15:33     62
---------------------------------------------------------------------------------------
      17,6   29,4     30    8,8     20   23,3    2,1   0,62    0,8   27,4     19     85
    
