                   MONTHLY CLIMATOLOGICAL SUMMARY for ene 2022


NAME: Malaga, Santander, Colombia                  
ELEV: 2200 meters    LAT: 06-42.23 N    LONG: 072-43.79 W


                   TEMPERATURE (C), RAIN (cm), WIND SPEED (km/h)

                                         HEAT   COOL         AVG
      MEAN                               DEG    DEG          WIND                   DOM
DAY   TEMP   HIGH   TIME    LOW   TIME   DAYS   DAYS   RAIN  SPEED   HIGH   TIME    DIR
---------------------------------------------------------------------------------------
 01   19,3   28,2  12:27   14,1  06:35    0,0    0,9   0,00    0,2   14,5  12:36     67
 02   18,0   27,2  14:18   10,9  06:11    0,3    0,0   0,00    0,2   16,1  11:43     87
 03   16,6   26,7  14:42    8,9  06:08    1,7    0,0   0,00    0,3   14,5  12:26     87
 04   16,1   26,7  13:55    8,8  06:19    2,2    0,0   0,00    0,2   17,7  13:37     92
 05   16,6   27,3  14:14    9,1  05:31    1,7    0,0   0,00    0,4   17,7  17:27     82
 06   17,0   26,8  13:50    8,3  05:47    1,3    0,0   0,00    0,3   17,7  13:11     91
 07   17,3   24,3  13:16   13,7  01:55    1,0    0,0   0,00    0,0    9,7  10:57     90
 08   17,4   23,8  13:15   13,8  06:26    1,0    0,0   0,00    0,4   14,5  11:36     88
 09   17,3   24,7  13:42   12,8  23:54    1,1    0,0   0,00    0,5   17,7  12:58    107
 10   16,3   22,9  15:05   10,6  06:10    2,1    0,0   0,00    0,3   14,5  11:50     87
 11   17,2   23,6  13:12   14,3  02:16    1,1    0,0   0,00    0,2   17,7  13:27     96
 12   17,3   23,4  14:24   12,6  06:30    1,1    0,0   0,00    0,2   24,1  15:19    119
 13   17,0   23,8  11:56   13,5  06:33    1,3    0,0   0,00    0,1   17,7  13:41    102
 14   17,2   25,1  13:47   11,8  06:33    1,2    0,0   0,00    0,3   17,7  13:21     86
 15   17,7   27,5  14:56    9,6  06:19    0,6    0,0   0,00    0,3   19,3  13:21     86
 16   18,4   26,7  14:18   12,8  05:50    0,0    0,1   0,64    0,1   12,9  10:31     95
 17   18,6   26,9  13:30   13,0  06:51    0,0    0,2   0,04    0,2   14,5  13:11     94
 18   18,2   27,4  14:02   13,7  23:42    0,1    0,0   0,00    0,0    8,0  16:49     90
 19   18,2   28,8  14:21   11,2  04:28    0,2    0,0   0,00    0,5   20,9  14:47     88
 20   18,9   29,6  13:35   11,8  03:48    0,0    0,6   0,00    0,4   16,1  13:03     90
 21   19,7   29,2  13:13   12,9  06:32    0,0    1,4   0,00    0,3   16,1  13:50     94
 22   19,0   27,6  13:47   12,1  06:38    0,0    0,7   0,44    0,2   17,7  14:04     87
 23   19,1   28,1  13:06   13,9  05:53    0,0    0,8   0,00    0,2   19,3  13:00     81
 24   19,0   28,1  12:53   13,2  06:24    0,0    0,6   0,00    0,3   17,7  14:51     86
 25   17,3   26,6  12:43   12,7  06:26    1,1    0,0   1,46    0,3   22,5  15:41     89
 26   17,8   26,2  12:53   11,5  06:28    0,5    0,0   0,00    1,1   14,5  11:38     84
 27   17,5   27,4  13:30   10,8  06:18    0,8    0,0   0,00    0,6   16,1  11:51     89
 28   17,4   26,4  12:34   10,0  05:43    0,9    0,0   0,00    0,4   17,7  14:07    110
 29   17,3   24,8  12:54   12,3  06:38    1,0    0,0   0,02    0,1   14,5  10:23     76
 30   17,2   25,4  13:57   10,9  06:26    1,1    0,0   0,00    0,2   19,3  14:02    100
 31   17,4   25,7  13:45   11,4  05:32    0,9    0,0   0,00    0,3   17,7  10:39     86
---------------------------------------------------------------------------------------
      17,7   29,6     20    8,3     06   24,4    5,3   2,60    0,3   24,1     12     90
    
