                   MONTHLY CLIMATOLOGICAL SUMMARY for jun 2021


NAME: Mlaga, Santander, Colombia                  
ELEV: 2200 meters    LAT: 06-42.23 N    LONG: 072-43.79 W


                   TEMPERATURE (C), RAIN (cm), WIND SPEED (km/h)

                                         HEAT   COOL         AVG
      MEAN                               DEG    DEG          WIND                   DOM
DAY   TEMP   HIGH   TIME    LOW   TIME   DAYS   DAYS   RAIN  SPEED   HIGH   TIME    DIR
---------------------------------------------------------------------------------------
 01   16,6   23,3  12:48   14,1  20:45    1,8    0,0   0,54    0,3   17,7  12:50      9
 02   17,7   26,2  12:33   12,6  06:00    0,6    0,0   0,24    0,3   14,5  12:02     80
 03   17,9   25,8  11:46   12,7  05:53    0,5    0,0   0,24    0,2   14,5  13:53     78
 04   18,2   26,3  14:50   12,9  04:30    0,2    0,0   0,02    0,2   12,9  15:00    104
 05   18,5   26,1  11:30   13,1  06:00    0,0    0,1   0,00    0,8   17,7  13:50     83
 06   18,0   22,0  15:42   13,1  23:54    0,4    0,0   0,02    1,8   30,6  14:01     89
 07   13,0   13,1  00:00   12,9  00:53    5,3    0,0   0,00    0,0    0,0  00:00     90
 08
 09
 10
 11
 12
 13
 14
 15   16,4   23,2  12:05   10,5  05:25    2,0    0,0   0,00    1,7   38,6  13:35      7
 16   16,2   23,7  13:10   10,3  05:10    2,1    0,0   0,00    0,6   14,5  14:45     76
 17   17,9   24,3  13:35   12,6  05:45    0,5    0,0   1,06    0,8   14,5  09:55     96
 18   17,1   25,9  14:10   11,9  05:10    1,3    0,0   0,26    0,9   14,5  10:45     59
 19   17,9   26,6  12:05   11,7  05:00    0,4    0,0   0,02    1,1   22,5  13:05     45
 20   17,2   24,6  12:50   12,8  05:20    1,1    0,0   0,00    0,6   17,7  14:15     84
 21   17,4   25,1  11:45   12,1  05:55    0,9    0,0   0,10    0,8   14,5  09:35     90
 22   16,6   22,3  12:15   13,3  05:30    1,8    0,0   0,12    0,2   14,5  15:15     87
 23   17,2   23,4  12:40   14,2  04:45    1,2    0,0   0,62    0,2   12,9  10:50     78
 24   17,6   21,9  12:02   15,1  23:40    0,8    0,0   0,16    0,1   11,3  12:03     82
 25   17,8   27,0  13:53   12,2  05:59    0,5    0,0   3,14    0,9   17,7  14:06     46
 26   15,5   20,4  12:57   12,4  23:43    2,8    0,0   1,60    0,2    9,7  10:42     94
 27   15,7   20,1  11:46   11,7  06:03    2,7    0,0   0,24    0,1   11,3  12:17     92
 28   17,7   25,0  11:53   11,7  04:49    0,6    0,0   0,00    0,3   14,5  10:10     65
 29   18,6   26,1  12:52   12,6  05:59    0,0    0,3   0,00    1,0   17,7  10:03    104
 30   17,9   24,7  13:09   13,9  05:47    0,5    0,0   0,02    0,7   17,7  10:14     15
---------------------------------------------------------------------------------------
      17,3   27,0     25   10,3     16   27,9    0,4   8,40    0,6   38,6     15     70
    
