                     CLIMATOLOGICAL SUMMARY for year 2020


NAME: Mlaga, Santander, Colombia                  
ELEV: 2200 meters    LAT: 06-42.23 N    LONG: 072-43.79 W


                                       TEMPERATURE (C)

                              HEAT    COOL                              MAX    MAX    MIN    MIN
          MEAN   MEAN         DEG     DEG                                >=     <=     <=     <=
 YR  MO   MAX    MIN    MEAN  DAYS    DAYS      HI  DAY     LOW  DAY     30      0      0    -20
------------------------------------------------------------------------------------------------
2020 01   26,6   12,4   18,2   15,9   12,9    29,2   13     8,6   07      0      0      0      0
2020 02   28,2   13,0   19,1    3,4   28,0    30,7   18     8,6   06      3      0      0      0
2020 03   26,8   12,8   18,6   10,8   17,8    30,2   05     9,9   22      2      0      0      0
2020 04   27,1   13,6   19,1    4,0   25,6    29,9   04     9,9   25      0      0      0      0
2020 05   26,8   14,0   19,3    5,5   33,9    29,6   10    11,9   20      0      0      0      0
2020 06   24,7   13,0   17,7   24,1    6,2    27,4   04    10,7   30      0      0      0      0
2020 07   24,0   12,6   17,3   34,6    2,7    26,8   09    10,2   05      0      0      0      0
2020 08   24,7   13,2   17,8   20,9    5,0    28,9   12    10,8   30      0      0      0      0
2020 09   25,1   12,7   17,7   19,6    1,5    28,4   22    11,0   15      0      0      0      0
2020 10   25,5   13,0   17,7   22,4    2,7    28,7   17    11,1   09      0      0      0      0
2020 11   23,7   13,1   17,0   39,0    0,3    26,2   28    11,3   20      0      0      0      0
2020 12   25,6   11,9   17,7   19,1    0,5    27,4   20    10,7   19      0      0      0      0
------------------------------------------------------------------------------------------------
          25,7   12,9   18,1  219,3  137,1    30,7  feb     8,6  ene      5      0      0      0


                  PRECIPITATION (cm)

                  MAX         ---DAYS OF RAIN---
                  OBS.               OVER
 YR  MO  TOTAL    DAY  DATE   0.03   0.30   3.00
------------------------------------------------
2020 01   2,80   1,00    21      6      3      0
2020 02   3,58   0,88    23      7      4      0
2020 03  12,74   4,14    16     15      9      2
2020 04   7,54   1,30    03     12      9      0
2020 05   8,36   1,24    15     14     11      0
2020 06   8,10   2,06    10     19      6      0
2020 07   7,42   1,26    26     20      9      0
2020 08  11,56   2,90    24     20     10      0
2020 09  11,34   2,26    18     19     10      0
2020 10  25,02   3,12    23     27     19      1
2020 11  36,42   4,20    09     24     19      5
2020 12   3,28   1,44    30      9      3      0
------------------------------------------------
        138,16   4,20   nov    192    112      8


           WIND SPEED (km/h)

                                DOM
 YR  MO    AVG     HI   DATE    DIR
-----------------------------------
2020 01    0,9   37,0     10    334
2020 02    1,1   40,2     08     48
2020 03    0,8   29,0     06    110
2020 04    1,0   27,4     23     85
2020 05    1,2   25,7     22     89
2020 06    1,3   43,5     23    352
2020 07    0,8   30,6     09     17
2020 08    1,2   33,8     28      9
2020 09    0,5   30,6     27     49
2020 10    1,0   24,1     04     74
2020 11    1,1   19,3     09     85
2020 12    0,6   30,6     25     86
-----------------------------------
           0,9   43,5    jun     52
