                   MONTHLY CLIMATOLOGICAL SUMMARY for nov 2020


NAME: Mlaga, Santander, Colombia                  
ELEV: 2200 meters    LAT: 06-42.23 N    LONG: 072-43.79 W


                   TEMPERATURE (C), RAIN (cm), WIND SPEED (km/h)

                                         HEAT   COOL         AVG
      MEAN                               DEG    DEG          WIND                   DOM
DAY   TEMP   HIGH   TIME    LOW   TIME   DAYS   DAYS   RAIN  SPEED   HIGH   TIME    DIR
---------------------------------------------------------------------------------------
 01   15,7   20,4  14:08   13,6  03:24    2,7    0,0   0,04    0,8   11,3  12:15     69
 02   17,2   21,8  10:51   13,4  05:41    1,2    0,0   0,00    1,1   12,9  10:38    109
 03   17,9   23,7  12:47   13,6  05:56    0,4    0,0   4,00    1,6   16,1  10:00     87
 04   17,6   25,0  12:33   14,4  04:38    0,7    0,0   3,06    1,4   14,5  10:56     90
 05   15,6   20,4  12:24   12,6  23:15    2,7    0,0   0,32    0,9   14,5  11:45     98
 06   16,6   24,4  12:00   12,9  00:00    1,7    0,0   1,42    1,3   16,1  12:54     85
 07   16,9   24,9  11:46   13,4  00:00    1,5    0,0   1,04    1,3   14,5  11:41    102
 08   16,9   23,1  13:27   13,0  05:42    1,4    0,0   0,30    1,3   12,9  13:52    100
 09   16,7   24,8  12:17   12,6  04:04    1,6    0,0   4,20    1,4   19,3  17:52     80
 10   17,1   23,4  12:38   14,1  06:21    1,2    0,0   1,76    1,2   14,5  12:19     24
 11   15,9   22,2  12:20   12,6  05:26    2,4    0,0   0,42    0,9   12,9  11:23     47
 12   17,2   23,3  12:54   14,4  03:30    1,1    0,0   3,70    1,6   16,1  11:44     88
 13   15,8   22,6  13:14   13,2  05:52    2,5    0,0   2,88    0,8   12,9  14:04     70
 14   16,5   22,6  11:28   13,7  00:00    1,8    0,0   0,24    1,1   16,1  10:32     92
 15   17,6   25,4  11:53   13,7  06:10    0,7    0,0   1,02    1,2   14,5  14:17     90
 16   17,2   24,3  13:06   14,2  23:40    1,1    0,0   2,52    1,3   14,5  13:02     76
 17   15,5   19,9  12:47   13,3  04:27    2,9    0,0   1,26    0,9   12,9  13:43     87
 18   15,8   20,7  10:54   12,8  05:48    2,6    0,0   2,68    0,7   12,9  10:50     92
 19   16,0   20,8  11:39   13,3  22:44    2,3    0,0   0,50    0,9   12,9  11:54     89
 20   17,2   24,9  12:39   11,3  04:39    1,2    0,0   0,00    1,3   14,5  12:11     87
 21   17,3   23,6  11:50   12,9  06:00    1,0    0,0   0,10    1,4   14,5  11:01     78
 22   17,6   25,7  12:43   11,7  06:01    0,7    0,0   0,00    1,4   14,5  11:15     83
 23   18,6   25,6  12:42   13,6  06:26    0,0    0,3   0,12    1,6   17,7  13:20     92
 24   18,1   24,8  14:01   14,3  05:45    0,3    0,0   3,08    1,2   14,5  12:55     89
 25   18,3   25,9  13:08   12,8  03:28    0,0    0,0   0,00    1,2   16,1  13:11     88
 26   18,0   25,4  13:02   12,4  03:38    0,3    0,0   0,00    1,0   19,3  11:56     98
 27   18,1   25,2  12:53   13,2  05:38    0,3    0,0   0,00    0,8   16,1  12:26     74
 28   17,6   26,2  13:40   12,5  04:18    0,7    0,0   0,50    0,7   16,1  13:41     69
 29   17,8   25,7  12:33   12,4  06:11    0,5    0,0   1,06    0,9   19,3  11:59    132
 30   16,9   24,3  12:13   11,9  06:05    1,4    0,0   0,20    0,1   12,9  11:59     48
---------------------------------------------------------------------------------------
      17,0   26,2     28   11,3     20   39,0    0,3  36,42    1,1   19,3     09     85
    
