                   MONTHLY CLIMATOLOGICAL SUMMARY for mar 2019


NAME: Malaga Santander, Colombia                  
ELEV: 2200 meters    LAT: 06-42.23 N    LONG: 072-43.79 W


                   TEMPERATURE (C), RAIN (cm), WIND SPEED (km/h)

                                         HEAT   COOL         AVG
      MEAN                               DEG    DEG          WIND                   DOM
DAY   TEMP   HIGH   TIME    LOW   TIME   DAYS   DAYS   RAIN  SPEED   HIGH   TIME    DIR
---------------------------------------------------------------------------------------
 01
 02
 03
 04
 05
 06
 07
 08
 09
 10
 11
 12
 13
 14
 15
 16
 17
 18   21,4   29,6  12:59   16,0  23:33    0,0    3,0   0,14    2,2   20,9  11:15     63
 19   17,5   24,5  13:18   14,5  23:31    0,8    0,0   0,74    1,1   14,5  12:34     59
 20   16,3   21,6  12:20   13,5  00:00    2,1    0,0   0,80    0,6   11,3  08:45     71
 21   16,3   23,3  12:02   12,6  02:00    2,0    0,0   1,24    0,9   14,5  15:51     56
 22   16,7   23,0  11:52   14,3  00:20    1,7    0,0   0,20    0,8   14,5  14:42    124
 23   16,9   21,9  11:13   13,9  02:45    1,5    0,0   0,06    0,5   11,3  11:16     57
 24   16,2   26,2  13:25   11,7  23:28    2,1    0,0   1,06    1,4   24,1  14:50    105
 25   17,1   26,2  14:21   10,9  03:02    1,3    0,0   0,42    1,3   24,1  17:42     78
 26   17,5   24,8  11:17   13,1  23:55    0,9    0,0   0,24    1,3   12,9  10:33     87
 27   19,0   27,2  14:27   13,0  00:03    0,0    0,7   0,04    1,7   16,1  11:49     88
 28   19,0   26,9  13:04   12,7  06:24    0,0    0,6   0,00    1,6   16,1  12:00     91
 29   16,8   20,7  11:14   14,4  05:49    1,6    0,0   1,44    0,7   14,5  11:38     71
 30   18,4   25,3  13:20   13,3  06:12    0,0    0,0   0,20    1,4   16,1  14:21     71
 31   19,5   29,1  12:56   15,3  05:27    0,0    1,1   0,30    1,5   19,3  11:35     75
---------------------------------------------------------------------------------------
      17,7   29,6     18   10,9     25   13,8    5,5   6,88    1,2   24,1     24     79
    
