                   MONTHLY CLIMATOLOGICAL SUMMARY for oct 2022


NAME: Malaga, Santander, Colombia                  
ELEV: 2200 meters    LAT: 06-42.23 N    LONG: 072-43.79 W


                   TEMPERATURE (C), RAIN (cm), WIND SPEED (km/h)

                                         HEAT   COOL         AVG
      MEAN                               DEG    DEG          WIND                   DOM
DAY   TEMP   HIGH   TIME    LOW   TIME   DAYS   DAYS   RAIN  SPEED   HIGH   TIME    DIR
---------------------------------------------------------------------------------------
 01   16,6   22,2  12:01   12,6  05:38    1,7    0,0   1,44    0,2   16,1  14:16    350
 02   17,6   25,4  12:35   12,3  05:41    0,7    0,0   0,02    0,4   19,3  12:27    357
 03   18,1   27,1  11:18   12,0  06:12    0,2    0,0   0,00    0,5   16,1  14:46     64
 04   17,9   25,7  12:55   12,4  05:09    0,4    0,0   0,44    0,1   12,9  12:25    102
 05   16,4   21,3  10:07   13,3  03:38    2,0    0,0   1,10    0,0    6,4  11:54    124
 06   16,9   24,7  13:50   13,1  06:05    1,5    0,0   3,70    0,0   12,9  15:00      4
 07   17,5   26,2  12:19   12,2  06:12    0,9    0,0   2,80    0,1   12,9  12:24     64
 08   17,1   24,2  12:49   12,7  05:37    1,2    0,0   1,84    0,0   12,9  14:36    291
 09   16,5   23,6  12:18   12,5  06:00    1,8    0,0   0,78    0,1   12,9  11:14    118
 10   17,7   26,6  12:34   12,2  05:09    0,6    0,0   0,62    0,1   14,5  13:06    354
 11   16,8   24,9  14:14   11,4  05:26    1,6    0,0   0,02    0,2   20,9  09:50      7
 12   17,4   26,1  11:40   12,9  02:34    1,0    0,0   1,08    0,1   12,9  10:34     45
 13   16,4   25,1  12:19   12,7  23:43    1,9    0,0   1,06    0,0   12,9  11:54     97
 14   16,6   23,8  14:25   11,9  05:44    1,7    0,0   0,08    0,0    8,0  14:36    292
 15   17,0   23,3  11:07   12,4  06:03    1,4    0,0   0,30    0,0    9,7  10:20    112
 16   17,4   26,7  12:51   12,7  05:46    0,9    0,0   1,36    0,0   14,5  13:05     96
 17   16,9   24,7  11:35   12,6  06:22    1,4    0,0   3,58    0,0   11,3  11:36     60
 18   17,0   25,1  12:30   12,6  05:49    1,3    0,0   0,32    0,1   16,1  20:24    116
 19   15,0   22,1  10:12   12,7  04:16    3,3    0,0   0,02    0,0    8,0  10:29    N/A
 20
 21
 22
 23
 24
 25
 26
 27
 28
 29
 30
 31
---------------------------------------------------------------------------------------
      17,1   27,1     03   11,4     11   25,5    0,0  20,56    0,1   20,9     11     35
    
