                   MONTHLY CLIMATOLOGICAL SUMMARY for ene 2020


NAME: Mlaga, Santander, Colombia                  
ELEV: 2200 meters    LAT: 06-42.23 N    LONG: 072-43.79 W


                   TEMPERATURE (C), RAIN (cm), WIND SPEED (km/h)

                                         HEAT   COOL         AVG
      MEAN                               DEG    DEG          WIND                   DOM
DAY   TEMP   HIGH   TIME    LOW   TIME   DAYS   DAYS   RAIN  SPEED   HIGH   TIME    DIR
---------------------------------------------------------------------------------------
 01   17,8   23,7  12:40   13,2  23:53    0,5    0,0   0,72    0,3   16,1  12:59    116
 02   17,5   27,2  13:50   10,6  06:05    0,8    0,0   0,00    0,4   17,7  12:42    130
 03   18,1   27,3  13:13   10,9  05:59    0,3    0,0   0,00    0,3   20,9  12:47    125
 04   17,7   26,8  14:46   12,2  06:19    0,7    0,0   0,00    0,4   20,9  13:05    139
 05   16,6   24,6  13:23   11,3  06:15    1,7    0,0   0,00    0,5   19,3  11:44    145
 06   16,3   24,8  13:44    9,8  05:54    2,0    0,0   0,00    0,6   20,9  15:35    129
 07   16,4   27,4  14:47    8,6  06:06    1,9    0,0   0,00    0,3   17,7  12:41    130
 08   17,0   27,2  14:27    9,4  06:29    1,3    0,0   0,00    0,4   16,1  14:02    139
 09   17,8   26,8  14:30    9,3  06:17    0,5    0,0   0,00    1,7   29,0  21:10    317
 10   18,6   26,7  12:54   14,2  06:09    0,0    0,3   0,00    7,6   37,0  02:25    325
 11   18,6   28,1  13:42   10,2  06:14    0,0    0,3   0,00    0,8   24,1  02:33    348
 12   18,7   27,3  12:33   10,6  06:23    0,0    0,4   0,00    1,3   25,7  20:39    333
 13   20,0   29,2  13:28   12,7  02:11    0,0    1,7   0,00    0,7   20,9  17:58    342
 14   19,0   28,9  13:52   12,1  06:32    0,0    0,7   0,00    0,4   22,5  15:20    134
 15   18,5   27,8  13:33   12,1  06:37    0,0    0,2   0,00    0,5   20,9  12:33    145
 16   19,0   28,6  12:20   11,3  05:59    0,0    0,7   0,00    1,6   24,1  14:12    327
 17   19,8   28,5  12:06   13,4  06:27    0,0    1,4   0,00    2,6   32,2  13:42    332
 18   19,8   28,8  12:22   13,7  06:15    0,0    1,5   0,00    0,7   19,3  14:54     50
 19   19,9   26,8  12:17   13,8  06:18    0,0    1,6   0,00    1,5   24,1  13:09    328
 20   19,6   27,1  13:15   15,1  03:35    0,0    1,3   0,00    0,7   22,5  12:40    106
 21   17,3   21,3  14:35   14,7  06:36    1,0    0,0   1,00    0,1   12,9  00:03     58
 22   16,8   23,1  13:38   14,4  08:36    1,6    0,0   0,10    0,1   12,9  13:26    131
 23   17,3   25,4  14:07   13,8  06:58    1,0    0,0   0,76    0,4   19,3  11:39    155
 24   16,6   22,2  11:41   13,6  23:46    1,7    0,0   0,10    0,2   17,7  11:11     69
 25   18,5   25,3  12:24   13,5  06:33    0,0    0,1   0,00    0,3   17,7  12:52    110
 26   18,1   26,4  12:40   11,7  05:42    0,2    0,0   0,02    0,8   22,5  15:14    163
 27   19,0   28,0  13:20   14,8  03:39    0,0    0,7   0,02    0,6   17,7  11:36    127
 28   17,8   25,9  13:15   13,6  03:40    0,5    0,0   0,02    0,6   19,3  13:19    135
 29   18,5   25,7  14:25   14,0  07:01    0,0    0,2   0,06    0,7   17,7  10:57    137
 30   19,0   28,3  14:45   12,3  06:29    0,0    0,7   0,00    0,4   17,7  13:36    107
 31   19,5   28,7  12:44   12,2  06:35    0,0    1,2   0,00    1,0   25,7  13:44    151
---------------------------------------------------------------------------------------
      18,2   29,2     13    8,6     07   15,9   12,9   2,80    0,9   37,0     10    334
    
