                   MONTHLY CLIMATOLOGICAL SUMMARY for dic 2020


NAME: Mlaga, Santander, Colombia                  
ELEV: 2200 meters    LAT: 06-42.23 N    LONG: 072-43.79 W


                   TEMPERATURE (C), RAIN (cm), WIND SPEED (km/h)

                                         HEAT   COOL         AVG
      MEAN                               DEG    DEG          WIND                   DOM
DAY   TEMP   HIGH   TIME    LOW   TIME   DAYS   DAYS   RAIN  SPEED   HIGH   TIME    DIR
---------------------------------------------------------------------------------------
 01   17,2   23,5  14:06   12,4  04:51    1,1    0,0   0,16    0,6   16,1  14:11     20
 02   18,1   25,2  13:49   13,1  06:10    0,3    0,0   0,04    0,7   17,7  11:18     94
 03   17,4   25,3  13:09   11,9  05:50    0,9    0,0   0,00    0,5   16,1  12:39     80
 04   17,8   25,7  12:51   10,8  05:26    0,6    0,0   0,00    0,5   14,5  10:46     79
 05   18,5   26,4  13:06   11,6  05:51    0,0    0,2   0,00    0,4   14,5  11:54    103
 06   18,0   25,7  13:56   12,4  06:04    0,4    0,0   0,00    0,5   17,7  14:24    111
 07   17,7   25,1  13:04   12,1  06:01    0,6    0,0   0,02    0,4   17,7  11:47    115
 08   18,5   26,2  12:42   12,3  06:05    0,0    0,1   0,00    0,3   17,7  12:52     83
 09   17,9   25,1  13:47   12,2  06:10    0,5    0,0   0,00    0,5   16,1  11:08     78
 10   17,7   25,8  14:07   11,1  06:11    0,7    0,0   0,00    0,6   17,7  12:30     89
 11   17,9   26,6  13:26   11,0  05:51    0,5    0,0   0,00    0,4   16,1  12:33     85
 12   17,5   25,6  13:21   11,4  06:08    0,8    0,0   0,00    0,6   19,3  12:55     93
 13   17,8   26,9  13:30   11,2  05:47    0,6    0,0   0,00    1,2   16,1  13:41     92
 14   18,1   26,9  13:42   10,8  06:16    0,3    0,0   0,00    0,6   17,7  12:45     87
 15   17,6   26,4  14:27   11,5  06:09    0,7    0,0   0,02    0,5   17,7  13:20     74
 16   18,3   26,2  14:11   10,8  05:25    0,0    0,0   0,00    0,6   16,1  10:51     88
 17   18,5   26,9  14:19   12,4  06:16    0,0    0,2   0,00    0,7   19,3  13:32     92
 18   18,3   26,3  12:19   12,6  04:33    0,0    0,0   0,04    0,7   20,9  12:48     61
 19   17,7   26,6  14:53   10,7  05:45    0,7    0,0   0,00    0,8   17,7  12:13     67
 20   18,0   27,4  13:09   10,8  05:58    0,4    0,0   0,12    0,9   19,3  12:16     83
 21   18,0   26,8  14:13   11,4  05:58    0,3    0,0   0,00    0,7   17,7  12:04     84
 22   18,0   26,6  14:49   11,2  06:11    0,3    0,0   0,00    0,6   17,7  13:17     87
 23   17,4   26,2  13:33   11,1  05:38    0,9    0,0   0,00    0,7   22,5  16:28     73
 24   17,8   26,5  14:12   11,5  05:55    0,6    0,0   0,00    0,5   17,7  14:37     81
 25   17,5   25,8  14:38   13,6  06:30    0,8    0,0   0,20    0,7   30,6  15:52     82
 26   17,0   22,9  14:29   11,4  05:30    1,3    0,0   0,72    0,5   24,1  14:33    112
 27   16,4   21,4  15:29   12,8  05:40    2,0    0,0   0,10    0,1   17,7  14:25    143
 28   17,9   25,0  14:07   13,3  06:33    0,5    0,0   0,00    0,7   17,7  12:46     99
 29   17,3   24,2  14:26   13,4  06:15    1,0    0,0   0,00    0,5   16,1  11:56     92
 30   16,8   23,7  12:18   13,6  04:49    1,5    0,0   1,44    0,4   16,1  12:03    135
 31   17,3   25,0  12:29   13,8  05:28    1,0    0,0   0,42    0,6   17,7  11:36     90
---------------------------------------------------------------------------------------
      17,7   27,4     20   10,7     19   19,1    0,5   3,28    0,6   30,6     25     86
    
