                   MONTHLY CLIMATOLOGICAL SUMMARY for ago 2021


NAME: Mlaga, Santander, Colombia                  
ELEV: 2200 meters    LAT: 06-42.23 N    LONG: 072-43.79 W


                   TEMPERATURE (C), RAIN (cm), WIND SPEED (km/h)

                                         HEAT   COOL         AVG
      MEAN                               DEG    DEG          WIND                   DOM
DAY   TEMP   HIGH   TIME    LOW   TIME   DAYS   DAYS   RAIN  SPEED   HIGH   TIME    DIR
---------------------------------------------------------------------------------------
 01   18,2   25,7  12:51   13,2  05:49    0,2    0,0   0,00    1,0   20,9  13:47     94
 02   18,2   25,5  15:05   12,8  06:07    0,2    0,0   0,00    1,8   22,5  13:23     90
 03   18,1   25,3  12:08   13,3  04:03    0,2    0,0   0,00    1,2   22,5  12:37     92
 04   16,2   22,1  10:59   12,7  03:48    2,2    0,0   0,52    0,7   17,7  11:17    345
 05   16,6   22,6  10:17   12,1  06:01    1,7    0,0   0,40    0,4   14,5  10:20     73
 06   17,6   26,0  13:55   11,6  06:18    0,7    0,0   0,08    0,5   12,9  13:38     81
 07   18,2   26,1  12:37   13,9  06:23    0,1    0,0   0,58    1,3   17,7  14:28     53
 08   17,2   24,6  13:58   14,1  06:32    1,1    0,0   0,10    0,4   14,5  13:20     93
 09   18,2   26,4  14:32   11,8  06:22    0,1    0,0   1,00    1,1   16,1  10:26     91
 10   17,2   25,3  11:48   12,9  03:04    1,1    0,0   0,14    0,7   16,1  11:58     85
 11   16,7   23,2  14:59   12,7  06:19    1,7    0,0   0,14    0,6   17,7  13:11     83
 12   17,5   24,9  12:30   13,7  06:06    0,9    0,0   0,12    0,7   16,1  14:57     84
 13   16,5   24,1  11:09   11,9  06:04    1,8    0,0   0,26    0,5   14,5  10:04     88
 14   16,5   22,7  12:12   13,7  05:44    1,8    0,0   0,94    0,1   12,9  12:14     88
 15   16,7   26,0  12:59   12,7  06:10    1,7    0,0   0,76    0,5   16,1  13:07     95
 16   17,0   24,7  11:53   12,1  06:15    1,3    0,0   0,48    0,7   14,5  13:34     90
 17   16,4   20,8  13:30   13,1  05:43    1,9    0,0   1,30    0,2   12,9  13:45     80
 18   17,1   22,0  14:52   13,9  05:34    1,2    0,0   0,16    0,1   12,9  10:32     90
 19   15,4   20,3  13:46   12,2  22:56    2,9    0,0   1,66    0,0    9,7  17:55    110
 20   16,6   24,0  13:53   11,7  06:03    1,7    0,0   0,04    0,3   12,9  13:50     89
 21   17,7   25,6  12:16   12,7  04:54    0,6    0,0   0,66    0,5   17,7  11:42     89
 22   17,2   23,3  13:11   11,9  06:11    1,1    0,0   0,02    0,1   14,5  10:06     92
 23   18,8   26,5  14:39   12,4  05:04    0,0    0,4   0,00    1,0   17,7  13:29     89
 24   18,1   25,4  13:02   14,2  23:48    0,3    0,0   1,80    0,3   14,5  12:27     56
 25   18,0   25,7  13:11   12,2  06:05    0,4    0,0   0,00    0,4   14,5  13:48     36
 26   17,3   23,6  12:19   13,4  05:11    1,1    0,0   1,80    0,2   16,1  10:55     90
 27   17,5   25,7  14:21   12,0  06:11    0,8    0,0   0,00    0,6   14,5  11:51     84
 28   18,1   26,7  12:28   12,1  04:54    0,2    0,0   0,00    0,8   17,7  13:40     93
 29   17,8   23,2  11:27   12,5  05:41    0,5    0,0   0,34    1,2   16,1  08:53     92
 30   16,7   23,6  12:25   14,3  05:02    1,7    0,0   1,26    0,3   16,1  11:59     91
 31   16,0   20,9  11:44   13,3  22:51    2,4    0,0   1,20    0,1    8,0  09:51     90
---------------------------------------------------------------------------------------
      17,3   26,7     28   11,6     06   33,5    0,4  15,76    0,6   22,5     02     84
    
