                   MONTHLY CLIMATOLOGICAL SUMMARY for jun 2022


NAME: Malaga, Santander, Colombia                  
ELEV: 2200 meters    LAT: 06-42.23 N    LONG: 072-43.79 W


                   TEMPERATURE (C), RAIN (cm), WIND SPEED (km/h)

                                         HEAT   COOL         AVG
      MEAN                               DEG    DEG          WIND                   DOM
DAY   TEMP   HIGH   TIME    LOW   TIME   DAYS   DAYS   RAIN  SPEED   HIGH   TIME    DIR
---------------------------------------------------------------------------------------
 01   18,2   26,3  12:37   11,4  06:08    0,2    0,0   0,02    0,2   14,5  12:48     79
 02   18,0   25,3  13:14   12,0  05:47    0,4    0,0   1,10    0,1   14,5  13:55    111
 03   15,1   20,4  11:24   12,0  05:50    3,2    0,0   0,46    0,0    9,7  12:02     68
 04   15,3   21,5  14:41   11,6  05:06    3,0    0,0   0,22    0,0    8,0  14:43     68
 05   15,6   23,5  11:38   11,8  03:55    2,7    0,0   0,86    0,0   14,5  11:52    349
 06   16,2   25,2  13:24   10,7  05:50    2,1    0,0   0,06    0,1   12,9  12:34     51
 07   16,8   23,4  14:11   11,8  05:58    1,6    0,0   0,02    0,0   14,5  13:14    121
 08   16,2   21,9  13:34   12,0  05:53    2,1    0,0   0,20    0,0   11,3  11:26     15
 09   16,0   22,4  10:50   12,7  23:30    2,4    0,0   0,12    0,0    9,7  10:40     30
 10   18,4   27,5  14:11   11,6  05:36    0,0    0,0   0,00    0,2   16,1  14:28     93
 11   17,8   23,5  15:01   13,2  06:08    0,5    0,0   0,00    0,0   11,3  12:54     72
 12   15,9   20,4  12:52   13,3  00:00    2,4    0,0   0,16    0,0    6,4  13:05    N/A
 13   17,0   23,7  13:27   11,8  05:44    1,3    0,0   0,00    0,1   12,9  10:37    150
 14   16,3   21,0  12:08   12,2  05:55    2,0    0,0   0,40    0,0    9,7  09:58     48
 15   16,6   23,3  12:21   13,9  06:10    1,7    0,0   0,32    0,1   16,1  14:04    346
 16   17,8   25,6  13:21   12,1  03:20    0,6    0,0   0,00    0,1   12,9  10:25     65
 17   16,0   20,4  11:53   13,9  23:52    2,4    0,0   0,56    0,0    8,0  12:02    N/A
 18   16,5   22,3  13:54   12,3  06:01    1,9    0,0   0,26    0,0    6,4  13:29     90
 19   14,7   20,1  12:21   11,7  03:57    3,6    0,0   1,34    0,0    8,0  12:16     71
 20   15,0   19,7  11:11   11,8  05:37    3,4    0,0   0,34    0,0    4,8  09:51    N/A
 21   17,4   24,4  13:06   13,8  00:00    1,0    0,0   0,02    0,0    9,7  10:28     22
 22   18,6   26,8  14:29   12,1  04:17    0,0    0,3   1,36    0,3   16,1  11:09     99
 23   18,3   26,9  12:57   11,8  06:12    0,1    0,0   0,02    0,2   12,9  12:52     82
 24   16,7   20,2  09:58   13,3  06:11    1,7    0,0   0,48    0,0    9,7  02:31    158
 25   16,8   23,3  12:52   12,2  06:00    1,5    0,0   0,26    0,0    9,7  10:56     51
 26   16,0   21,4  15:05   12,8  05:46    2,4    0,0   0,06    0,0   11,3  16:00    180
 27   16,1   23,9  11:55   12,8  04:36    2,3    0,0   0,10    0,0   12,9  11:04    359
 28   16,1   22,8  13:45   11,0  05:49    2,2    0,0   0,02    0,0   11,3  13:29     68
 29   16,5   22,8  12:40   11,8  05:41    1,8    0,0   1,00    0,0   11,3  15:15    338
 30   16,7   24,6  12:05   11,6  05:46    1,6    0,0   0,14    0,0    8,0  15:34    N/A
---------------------------------------------------------------------------------------
      16,6   27,5     10   10,7     06   51,9    0,3   9,90    0,1   16,1     10     72
    
