                   MONTHLY CLIMATOLOGICAL SUMMARY for mar 2021


NAME: Mlaga, Santander, Colombia                  
ELEV: 2200 meters    LAT: 06-42.23 N    LONG: 072-43.79 W


                   TEMPERATURE (C), RAIN (cm), WIND SPEED (km/h)

                                         HEAT   COOL         AVG
      MEAN                               DEG    DEG          WIND                   DOM
DAY   TEMP   HIGH   TIME    LOW   TIME   DAYS   DAYS   RAIN  SPEED   HIGH   TIME    DIR
---------------------------------------------------------------------------------------
 01   17,4   26,8  13:00   11,4  02:07    1,0    0,0   0,00    0,8   20,9  18:06     78
 02   17,3   26,4  13:15   11,2  06:20    1,0    0,0   0,00    0,6   19,3  11:01     91
 03   17,4   26,8  14:00    8,4  05:52    0,9    0,0   0,00    1,2   19,3  14:14     82
 04   16,5   20,2  12:07   13,9  06:34    1,9    0,0   0,38    0,2   14,5  10:13     90
 05   18,2   25,1  13:13   14,1  06:00    0,2    0,0   0,44    0,6   19,3  13:49     89
 06   17,7   24,3  15:42   13,4  06:19    0,6    0,0   0,72    0,2   12,9  10:18     93
 07   16,8   25,1  11:14   12,4  06:27    1,5    0,0   0,08    0,1   12,9  10:56     27
 08   17,9   25,2  12:47   11,7  23:49    0,5    0,0   0,00    1,4   32,2  16:45     91
 09   17,6   27,0  13:46    9,6  05:15    0,7    0,0   0,00    1,5   20,9  14:40     97
 10   17,6   25,8  14:05   11,6  06:30    0,7    0,0   0,20    1,2   29,0  15:40    122
 11   16,8   22,7  15:09   14,4  07:33    1,5    0,0   0,18    0,1   14,5  13:21     90
 12   16,6   23,0  13:33   12,6  05:46    1,8    0,0   0,72    0,5   17,7  16:11     94
 13   16,0   22,3  12:11   11,5  05:42    2,4    0,0   0,40    0,2   17,7  12:16     85
 14   16,2   23,4  12:03   11,8  05:55    2,1    0,0   0,52    0,3   17,7  14:10     82
 15   17,6   25,0  11:26   14,4  05:45    0,7    0,0   0,00    0,3   16,1  11:26     96
 16   16,8   24,0  11:21   13,4  05:43    1,5    0,0   0,40    0,2   14,5  10:10     90
 17   15,4   19,7  12:38   12,8  03:16    2,9    0,0   0,42    0,0    9,7  11:38     95
 18   16,9   26,2  13:23   12,1  06:23    1,5    0,0   0,02    0,4   19,3  13:19     99
 19   17,6   24,1  13:09   12,5  04:04    0,7    0,0   0,04    0,4   14,5  13:16     88
 20   16,4   24,7  13:26   10,8  06:24    2,0    0,0   1,38    0,7   20,9  15:50     93
 21   17,2   27,3  13:54    8,7  06:02    1,2    0,0   0,48    0,8   17,7  15:08     92
 22   17,6   25,8  13:42   13,2  01:31    0,8    0,0   0,34    0,2   14,5  11:42     91
 23   18,4   24,9  12:54   13,2  06:08    0,0    0,1   0,00    0,7   17,7  11:45    113
 24   16,4   23,7  12:13   13,6  21:01    1,9    0,0   0,56    0,2   16,1  12:28     86
 25   17,3   25,3  11:31   11,5  05:54    1,0    0,0   0,08    0,4   14,5  11:21     88
 26   17,0   23,8  12:53   12,8  06:22    1,3    0,0   1,88    0,6   12,9  10:46     85
 27   16,2   21,0  15:24   13,1  23:58    2,2    0,0   0,22    0,1    8,0  10:40     87
 28   18,3   25,2  12:02   12,7  00:28    0,1    0,0   0,00    1,2   20,9  14:45     87
 29   17,9   26,7  14:04   12,2  05:47    0,4    0,0   0,00    0,5   17,7  10:45     84
 30   18,4   25,2  13:41   13,4  06:06    0,0    0,0   0,00    0,3   24,1  13:13     65
 31   18,9   27,2  12:04   14,2  06:15    0,0    0,5   0,00    0,8   22,5  11:36     59
---------------------------------------------------------------------------------------
      17,2   27,3     21    8,4     03   34,8    0,7   9,46    0,5   32,2     08     91
    
