                   MONTHLY CLIMATOLOGICAL SUMMARY for may 2022


NAME: Malaga, Santander, Colombia                  
ELEV: 2200 meters    LAT: 06-42.23 N    LONG: 072-43.79 W


                   TEMPERATURE (C), RAIN (cm), WIND SPEED (km/h)

                                         HEAT   COOL         AVG
      MEAN                               DEG    DEG          WIND                   DOM
DAY   TEMP   HIGH   TIME    LOW   TIME   DAYS   DAYS   RAIN  SPEED   HIGH   TIME    DIR
---------------------------------------------------------------------------------------
 01
 02
 03
 04
 05
 06
 07
 08
 09
 10
 11
 12
 13
 14
 15   21,4   26,3  13:00   17,1  22:55    0,0    3,1   0,00    0,0    9,7  15:10     68
 16   19,1   26,0  14:30   12,8  06:50    0,0    0,8   0,14    0,1   12,9  13:10     75
 17   18,2   25,4  14:30   14,1  05:55    0,1    0,0   0,28    0,1   16,1  14:40    344
 18   16,4   19,8  13:50   13,4  05:20    1,9    0,0   0,24    0,0    4,8  13:50    N/A
 19   17,3   23,7  13:35   13,6  07:05    1,0    0,0   0,50    0,0    9,7  20:20    158
 20   16,4   24,8  13:20   10,7  06:50    1,9    0,0   1,58    0,1   16,1  17:35     86
 21   19,2   27,4  14:45   12,7  04:05    0,0    0,9   0,00    0,9   27,4  17:40    328
 22   19,2   28,9  14:40   11,3  06:40    0,0    0,9   0,00    0,1   12,9  11:20     82
 23   19,0   26,4  14:40   12,1  06:35    0,0    0,7   0,60    0,1   12,9  11:50     73
 24   18,7   25,4  13:28   13,6  07:15    0,0    0,4   0,22    0,0    9,7  12:55    140
 25   20,5   20,8  00:00   19,9  08:07    0,0    2,1   0,00    0,0    1,6  07:43    N/A
 26   19,1   21,4  14:02   14,9  23:53    0,0    0,8   0,24    0,0   12,9  14:08     34
 27   17,3   23,2  11:45   13,4  05:25    1,0    0,0   0,02    0,0    9,7  10:07    N/A
 28   17,4   23,2  14:20   12,2  04:40    1,0    0,0   0,00    0,0   12,9  09:24    139
 29   18,0   25,5  14:27   12,3  05:41    0,4    0,0   0,04    0,1   12,9  12:27     55
 30   18,1   23,3  14:18   14,1  00:00    0,3    0,0   0,02    0,0   11,3  11:00    N/A
 31   17,1   24,7  13:07   11,9  05:52    1,3    0,0   0,30    0,1   12,9  11:36     87
---------------------------------------------------------------------------------------
      18,3   28,9     22   10,7     20    8,9    9,6   4,18    0,1   27,4     21    352
    
