                   MONTHLY CLIMATOLOGICAL SUMMARY for abr 2021


NAME: Mlaga, Santander, Colombia                  
ELEV: 2200 meters    LAT: 06-42.23 N    LONG: 072-43.79 W


                   TEMPERATURE (C), RAIN (cm), WIND SPEED (km/h)

                                         HEAT   COOL         AVG
      MEAN                               DEG    DEG          WIND                   DOM
DAY   TEMP   HIGH   TIME    LOW   TIME   DAYS   DAYS   RAIN  SPEED   HIGH   TIME    DIR
---------------------------------------------------------------------------------------
 01   18,7   27,3  11:56   13,3  05:47    0,0    0,4   0,08    0,3   16,1  11:17     87
 02   17,6   27,2  12:37   13,8  23:41    0,7    0,0   0,96    0,3   16,1  12:32     87
 03   17,1   26,9  13:35   12,4  06:34    1,2    0,0   0,66    0,5   25,7  15:11     94
 04   18,6   26,6  13:56   13,8  04:11    0,0    0,2   0,18    0,3   14,5  10:06     81
 05   17,7   26,9  12:43   13,5  03:31    0,7    0,0   1,80    0,4   20,9  15:51     82
 06   17,7   22,9  11:28   13,4  04:13    0,7    0,0   0,58    0,4   14,5  15:08     68
 07   17,0   23,3  11:28   12,6  04:39    1,3    0,0   0,96    0,5   14,5  11:27     84
 08   18,2   24,6  12:36   14,5  00:46    0,2    0,0   0,04    0,3   14,5  13:13     67
 09   17,0   22,3  11:45   13,8  23:58    1,3    0,0   0,10    0,3   16,1  11:45     87
 10   17,3   25,1  14:44   12,4  05:37    1,1    0,0   0,04    0,9   14,5  14:49     70
 11   18,6   27,8  13:18   12,1  05:08    0,0    0,3   1,16    0,9   16,1  12:02    107
 12   16,8   24,7  13:57   13,3  23:29    1,5    0,0   0,20    0,4   16,1  14:10     92
 13   18,3   26,1  11:28   11,9  05:45    0,1    0,0   0,44    1,0   22,5  13:45     42
 14   18,1   25,1  14:09   13,9  06:00    0,2    0,0   0,16    0,5   19,3  12:09    354
 15   18,0   25,7  11:24   13,6  05:58    0,3    0,0   0,08    0,2   16,1  14:13    340
 16   18,3   23,7  14:15   13,7  05:35    0,0    0,0   0,00    0,2   14,5  11:10     89
 17   18,7   27,9  12:16   13,3  01:11    0,0    0,4   0,60    0,5   16,1  09:10     82
 18   17,5   25,1  13:15   11,9  23:57    0,8    0,0   0,02    0,4   19,3  11:59     87
 19   17,7   26,9  14:28   10,1  05:47    0,6    0,0   0,00    0,6   16,1  13:44     68
 20   18,5   28,2  13:39   12,4  04:09    0,0    0,1   0,00    0,8   16,1  10:16     99
 21   18,6   26,1  13:00   12,8  06:00    0,0    0,2   0,00    0,4   17,7  10:22     85
 22   18,8   27,6  12:43   12,3  06:25    0,0    0,5   0,72    0,5   17,7  12:38     96
 23   19,8   27,8  13:06   14,6  06:00    0,0    1,5   0,16    1,3   17,7  11:29    106
 24   19,6   27,9  13:42   13,2  06:14    0,0    1,3   0,00    0,6   17,7  13:55     85
 25   19,7   27,1  12:08   13,4  06:05    0,0    1,4   0,20    0,5   17,7  12:56     88
 26   19,8   27,7  13:27   14,7  04:25    0,0    1,5   0,00    0,5   16,1  13:09     98
 27   17,8   23,4  11:12   14,1  22:57    0,6    0,0   0,98    0,2   12,9  10:55     84
 28   15,7   18,6  11:44   12,6  05:54    2,6    0,0   0,34    0,0   11,3  23:48     97
 29   14,8   17,0  13:51   13,8  04:27    3,6    0,0   3,08    0,5    9,7  00:22     72
 30   14,7   16,9  14:54   12,7  23:52    3,6    0,0   0,40    0,2   11,3  10:13    115
---------------------------------------------------------------------------------------
      17,9   28,2     20   10,1     19   21,2    7,8  13,94    0,5   25,7     03     84
    
