                   MONTHLY CLIMATOLOGICAL SUMMARY for dic 2022


NAME: Malaga, Santander, Colombia                  
ELEV: 2200 meters    LAT: 06-42.23 N    LONG: 072-43.79 W


                   TEMPERATURE (C), RAIN (cm), WIND SPEED (km/h)

                                         HEAT   COOL         AVG
      MEAN                               DEG    DEG          WIND                   DOM
DAY   TEMP   HIGH   TIME    LOW   TIME   DAYS   DAYS   RAIN  SPEED   HIGH   TIME    DIR
---------------------------------------------------------------------------------------
 01   16,0   20,9  13:35   11,8  04:13    2,3    0,0   0,00    0,0   11,3  11:49     97
 02   16,3   24,1  14:43   10,1  06:12    2,1    0,0   0,00    0,4   16,1  14:13     99
 03   16,5   24,7  14:08   10,3  05:20    1,9    0,0   0,00    0,1   12,9  11:49     97
 04   16,6   23,8  13:41   12,9  06:09    1,7    0,0   0,00    0,1   12,9  10:32    120
 05   16,3   23,1  14:00   11,6  06:06    2,1    0,0   0,50    0,0    9,7  08:50     68
 06   16,5   23,2  13:02   12,8  04:31    1,8    0,0   0,96    0,5   14,5  12:48     86
 07   16,8   24,6  13:18   12,4  06:16    1,5    0,0   0,00    0,6   12,9  12:27    112
 08   17,0   24,6  13:06   10,9  06:20    1,3    0,0   0,00    0,8   14,5  10:55     92
 09   17,9   25,9  13:35   13,4  05:57    0,5    0,0   0,00    0,6   12,9  12:35    101
 10   17,5   25,2  12:50   14,2  05:00    0,9    0,0   0,22    0,5   16,1  13:10    103
 11   17,7   25,8  12:50   13,6  06:10    0,6    0,0   0,22    0,2   12,9  11:40    108
 12   18,1   24,8  12:27   14,3  05:36    0,2    0,0   0,04    0,3   12,9  10:47    102
 13   17,4   25,9  12:36   12,6  06:02    0,9    0,0   0,00    0,5   14,5  12:38     67
 14   17,2   24,4  12:25   11,8  06:05    1,1    0,0   0,02    0,4   14,5  11:27     77
 15   17,6   28,1  13:46   11,1  05:47    0,7    0,0   0,00    0,6   12,9  10:40     37
 16   17,6   26,9  13:26   10,4  05:26    0,8    0,0   0,00    0,5   14,5  16:30     97
 17   17,1   25,8  12:45   10,4  05:39    1,2    0,0   0,00    0,3   14,5  12:37     90
 18   16,9   23,8  13:51   11,4  06:13    1,4    0,0   0,00    0,1   12,9  11:18    101
 19   17,7   27,2  14:15   10,8  06:21    0,6    0,0   0,00    0,3   14,5  13:04     72
 20   18,3   26,4  14:27   11,4  04:51    0,1    0,0   0,00    0,0   12,9  13:33     74
 21   18,0   26,8  13:25   11,6  05:45    0,3    0,0   0,00    0,0   12,9  13:28     93
 22   17,9   27,4  14:00   10,9  05:48    0,5    0,0   0,00    0,1   14,5  15:23     90
 23   18,5   27,2  14:15   11,9  05:17    0,0    0,2   0,00    0,1   19,3  18:06      9
 24   16,9   27,2  14:11    9,5  06:11    1,5    0,0   0,00    0,2   16,1  14:11     98
 25   17,0   26,8  14:33    9,7  06:05    1,3    0,0   0,00    0,1   12,9  11:40     79
 26   17,6   26,8  12:04    9,8  06:07    0,7    0,0   0,00    0,0   12,9  13:53    103
 27   18,0   26,8  14:52   11,1  06:30    0,4    0,0   0,00    0,1   14,5  14:34     84
 28   18,0   26,0  12:57   10,9  06:05    0,4    0,0   0,34    0,2   12,9  12:27     73
 29   16,0   20,5  11:48   13,1  23:58    2,3    0,0   1,14    0,0   11,3  12:00    338
 30   17,5   26,3  13:36   10,9  06:00    0,8    0,0   0,28    0,1   14,5  14:57     64
 31   18,2   26,7  13:41   12,2  06:26    0,2    0,0   0,16    0,2   14,5  14:45     80
---------------------------------------------------------------------------------------
      17,3   28,1     15    9,5     24   32,0    0,2   3,88    0,3   19,3     23     89
    
