                   MONTHLY CLIMATOLOGICAL SUMMARY for abr 2020


NAME: Mlaga, Santander, Colombia                  
ELEV: 2200 meters    LAT: 06-42.23 N    LONG: 072-43.79 W


                   TEMPERATURE (C), RAIN (cm), WIND SPEED (km/h)

                                         HEAT   COOL         AVG
      MEAN                               DEG    DEG          WIND                   DOM
DAY   TEMP   HIGH   TIME    LOW   TIME   DAYS   DAYS   RAIN  SPEED   HIGH   TIME    DIR
---------------------------------------------------------------------------------------
 01   18,8   24,7  15:32   15,0  05:25    0,0    0,4   0,54    0,4   16,1  12:00    128
 02   19,2   27,4  14:09   13,2  06:23    0,0    0,9   0,02    1,0   19,3  11:43     74
 03   20,5   27,9  15:05   15,3  03:09    0,0    2,2   1,30    1,3   20,9  14:16      7
 04   19,9   29,9  13:40   16,6  05:23    0,0    1,6   0,60    0,9   16,1  11:33     90
 05   20,4   27,9  14:24   16,0  06:19    0,0    2,1   0,02    0,8   16,1  12:32    128
 06   20,1   26,1  11:48   15,7  02:36    0,0    1,7   0,00    0,8   17,7  11:54     88
 07   19,5   25,8  10:45   15,4  05:34    0,0    1,2   0,02    0,2   12,9  09:33    127
 08   19,6   27,1  11:08   13,4  06:07    0,0    1,2   0,00    0,8   22,5  15:50    353
 09   19,7   28,9  14:28   13,0  05:51    0,0    1,3   0,00    0,4   16,1  10:33     36
 10   20,3   29,6  13:03   14,5  06:05    0,0    2,0   0,40    0,9   20,9  14:46     58
 11   19,4   26,3  15:47   15,1  03:34    0,0    1,1   0,02    0,3   16,1  15:56     84
 12   20,1   28,8  13:21   13,4  05:13    0,0    1,8   0,00    1,4   24,1  16:41     59
 13   19,1   28,2  13:02   11,8  05:46    0,0    0,8   0,00    1,0   19,3  14:46    104
 14   18,0   26,9  14:58   12,9  03:56    0,3    0,0   1,20    1,2   22,5  17:09     98
 15   17,4   23,8  12:51   11,8  05:51    0,9    0,0   0,00    1,0   16,1  10:21    128
 16   18,1   26,6  12:38   11,1  05:46    0,2    0,0   0,00    1,1   24,1  12:16    125
 17   18,9   27,4  13:00   13,2  03:02    0,0    0,5   0,00    1,0   16,1  11:08    112
 18   18,6   27,2  12:43   15,4  04:40    0,0    0,3   1,14    1,0   19,3  14:57     98
 19   17,9   26,3  11:57   14,5  03:18    0,4    0,0   0,12    0,9   16,1  11:18     54
 20   19,5   27,0  12:46   13,2  06:09    0,0    1,2   0,04    1,2   22,5  12:28    110
 21   17,9   24,2  12:48   13,7  06:09    0,4    0,0   0,68    0,7   14,5  12:12     69
 22   17,1   23,2  11:50   12,7  03:44    1,2    0,0   0,26    0,5   14,5  11:34     62
 23   18,6   25,9  10:58   13,8  06:01    0,0    0,3   0,02    1,4   27,4  11:37    355
 24   17,9   27,3  13:43   11,3  05:47    0,5    0,0   0,00    1,3   19,3  12:30    102
 25   18,3   27,6  13:55    9,9  05:43    0,1    0,0   0,00    1,2   17,7  11:09    107
 26   19,8   28,5  12:56   10,8  05:40    0,0    1,5   0,00    1,7   19,3  11:17     31
 27   19,5   28,8  13:51   11,6  05:33    0,0    1,2   0,00    1,3   17,7  12:43     73
 28   19,2   28,7  13:24   12,9  05:55    0,0    0,9   0,00    1,0   22,5  12:18    132
 29   19,1   28,0  12:13   15,3  22:43    0,0    0,8   0,56    1,1   16,1  10:11     84
 30   19,1   28,3  12:53   15,4  06:23    0,0    0,8   0,60    1,1   17,7  13:02    108
---------------------------------------------------------------------------------------
      19,1   29,9     04    9,9     25    4,0   25,6   7,54    1,0   27,4     23     85
    
