                   MONTHLY CLIMATOLOGICAL SUMMARY for may 2019


NAME: Malaga Santander, Colombia                  
ELEV: 2200 meters    LAT: 06-42.23 N    LONG: 072-43.79 W


                   TEMPERATURE (C), RAIN (cm), WIND SPEED (km/h)

                                         HEAT   COOL         AVG
      MEAN                               DEG    DEG          WIND                   DOM
DAY   TEMP   HIGH   TIME    LOW   TIME   DAYS   DAYS   RAIN  SPEED   HIGH   TIME    DIR
---------------------------------------------------------------------------------------
 01   19,8   29,1  13:45   11,6  05:30    0,0    1,4   0,00    2,2   20,9  17:10     43
 02   19,4   28,6  14:25   12,2  04:05    0,0    1,1   0,00    2,0   14,5  09:55     72
 03   19,9   27,8  13:55   13,3  05:25    0,0    1,5   0,00    1,6   16,1  13:00     65
 04   18,7   24,9  13:05   15,1  06:00    0,0    0,4   0,00    1,2   12,9  09:45     62
 05   19,8   27,6  14:01   14,3  04:50    0,0    1,5   0,00    1,7   14,5  13:24    134
 06   19,2   26,9  14:32   13,8  05:44    0,0    0,9   0,00    1,6   19,3  14:21     87
 07   19,3   27,3  15:26   13,8  04:34    0,0    1,0   0,82    1,3   11,3  10:53    100
 08   16,4   20,7  13:47   13,1  05:48    1,9    0,0   1,68    0,5   11,3  13:51    339
 09   17,2   23,1  11:23   14,8  23:28    1,1    0,0   1,70    0,8   14,5  10:54     46
 10   17,5   23,6  14:34   14,6  01:34    0,9    0,0   0,94    1,0   19,3  15:04     33
 11   16,7   22,1  12:14   13,9  04:31    1,7    0,0   0,32    0,8   14,5  13:16     34
 12   18,4   26,4  13:10   13,7  05:55    0,0    0,1   0,00    1,4   17,7  14:55     28
 13   18,1   24,6  10:33   13,4  01:39    0,3    0,0   0,00    1,2   14,5  09:45     76
 14   17,7   24,1  12:41   13,4  05:54    0,6    0,0   0,04    1,0   12,9  10:18     83
 15   18,2   24,6  12:12   13,3  05:09    0,1    0,0   0,10    1,7   19,3  14:10     37
 16   18,1   26,2  12:33   12,1  05:51    0,3    0,0   0,06    1,4   17,7  14:37     76
 17   17,7   25,6  13:26   13,0  05:48    0,7    0,0   0,02    1,5   14,5  12:24     84
 18   18,7   26,8  13:38   11,5  05:45    0,0    0,3   0,02    1,9   16,1  12:36    101
 19   18,5   25,7  14:19   14,5  06:10    0,0    0,2   0,12    1,6   14,5  16:47     62
 20   18,5   26,6  12:40   13,1  05:36    0,0    0,1   2,70    1,3   16,1  12:40     75
 21   17,7   26,1  12:33   12,2  06:10    0,7    0,0   0,26    0,9   16,1  12:10     99
 22   18,5   26,4  12:10   13,3  05:18    0,0    0,2   0,30    1,2   17,7  16:31     78
 23   17,2   23,3  14:16   14,0  05:53    1,1    0,0   2,48    1,3   17,7  14:00     35
 24   17,6   27,8  13:40   13,7  05:33    0,8    0,0   1,02    0,9   14,5  10:23     24
 25   17,3   21,6  11:50   14,8  05:07    1,0    0,0   0,08    1,3   16,1  13:24     28
 26   17,9   24,0  10:52   12,7  05:53    0,5    0,0   0,26    1,0   11,3  10:03     49
 27   17,5   25,5  13:01   13,9  05:35    0,8    0,0   2,24    1,1   12,9  10:30     62
 28   17,1   22,9  11:58   14,4  01:25    1,3    0,0   0,66    1,2   16,1  11:44     38
 29   18,1   26,3  13:08   13,2  05:59    0,2    0,0   0,40    1,6   14,5  10:12     41
 30   17,5   24,3  12:02   13,6  02:26    0,8    0,0   0,10    1,4   16,1  11:21     87
 31   17,3   23,5  12:39   13,2  06:01    1,1    0,0   1,00    1,3   17,7  10:22     49
---------------------------------------------------------------------------------------
      18,1   29,1     01   11,5     18   15,7    8,7  17,32    1,3   20,9     01     65
    
