                   MONTHLY CLIMATOLOGICAL SUMMARY for abr 2019


NAME: Malaga Santander, Colombia                  
ELEV: 2200 meters    LAT: 06-42.23 N    LONG: 072-43.79 W


                   TEMPERATURE (C), RAIN (cm), WIND SPEED (km/h)

                                         HEAT   COOL         AVG
      MEAN                               DEG    DEG          WIND                   DOM
DAY   TEMP   HIGH   TIME    LOW   TIME   DAYS   DAYS   RAIN  SPEED   HIGH   TIME    DIR
---------------------------------------------------------------------------------------
 01   17,4   22,8  12:07   13,9  03:38    0,9    0,0   0,18    0,9   14,5  12:12     60
 02   16,1   19,1  13:28   13,2  23:57    2,3    0,0   0,80    0,3    6,4  08:48     57
 03   17,5   25,4  13:09   11,2  05:46    0,8    0,0   0,02    1,6   14,5  11:48     92
 04   18,2   26,6  15:07   12,5  06:17    0,1    0,0   0,00    1,7   17,7  15:37     90
 05   19,0   26,6  13:26   12,2  06:01    0,0    0,6   0,00    1,8   14,5  11:04     96
 06   19,1   27,1  13:05   15,2  22:40    0,0    0,8   0,00    1,8   17,7  11:15     74
 07   19,4   28,6  13:37   12,2  05:50    0,0    1,1   0,00    2,1   24,1  16:52     72
 08   20,3   28,4  13:26   13,8  05:29    0,0    1,9   0,00    2,2   17,7  12:05     94
 09   19,7   25,8  12:35   14,7  04:16    0,0    1,3   0,72    1,8   16,1  10:11     75
 10   18,9   26,6  12:45   13,8  06:18    0,0    0,6   0,02    1,5   19,3  14:29     86
 11   18,4   24,8  16:29   15,2  21:57    0,0    0,1   0,00    1,2   12,9  15:04     75
 12   19,3   28,6  12:53   13,2  05:55    0,0    1,0   0,44    1,5   17,7  10:59     86
 13   18,6   25,2  11:45   13,8  05:53    0,0    0,2   0,00    1,1   14,5  10:25     85
 14   18,5   27,5  12:20   12,7  06:06    0,0    0,2   0,16    1,6   16,1  12:41     76
 15   18,5   27,9  14:12   13,4  03:20    0,0    0,1   0,54    1,5   16,1  12:04     89
 16   18,5   27,4  13:49   12,7  06:01    0,0    0,2   0,16    1,4   16,1  13:10     90
 17   18,1   26,8  13:07   13,8  04:01    0,3    0,0   0,68    1,2   16,1  11:47     99
 18   17,7   26,0  12:55   14,0  06:02    0,7    0,0   0,38    1,0   14,5  11:41     77
 19   17,7   22,6  11:53   14,4  23:51    0,6    0,0   1,68    0,9   12,9  20:25     47
 20   17,8   24,9  11:47   13,9  05:40    0,6    0,0   3,04    1,1   14,5  12:14     80
 21   17,5   25,8  13:16   13,8  06:09    0,8    0,0   1,76    1,2   16,1  13:10     70
 22   15,5   19,4  13:10   12,7  23:53    2,9    0,0   1,40    0,6   11,3  13:19     94
 23   17,3   25,1  11:15   12,7  00:00    1,0    0,0   0,06    1,2   14,5  12:14     79
 24   18,1   26,3  12:15   14,2  06:04    0,2    0,0   0,34    1,1   14,5  10:32     78
 25   18,5   24,4  15:09   14,8  06:14    0,0    0,1   1,70    1,3   14,5  11:27      8
 26   17,2   23,8  10:43   13,6  04:49    1,1    0,0   0,30    1,1   14,5  14:59     35
 27   18,9   27,4  13:25   12,8  05:58    0,0    0,6   0,10    1,3   16,1  09:58     84
 28   19,5   26,6  11:35   14,6  05:22    0,0    1,2   0,00    1,7   19,3  15:40     57
 29
 30
---------------------------------------------------------------------------------------
      18,2   28,6     07   11,2     03   12,3   10,0  14,48    1,4   24,1     07     79
    
