                   MONTHLY CLIMATOLOGICAL SUMMARY for jul 2021


NAME: Mlaga, Santander, Colombia                  
ELEV: 2200 meters    LAT: 06-42.23 N    LONG: 072-43.79 W


                   TEMPERATURE (C), RAIN (cm), WIND SPEED (km/h)

                                         HEAT   COOL         AVG
      MEAN                               DEG    DEG          WIND                   DOM
DAY   TEMP   HIGH   TIME    LOW   TIME   DAYS   DAYS   RAIN  SPEED   HIGH   TIME    DIR
---------------------------------------------------------------------------------------
 01   16,3   21,9  10:36   12,4  05:57    2,1    0,0   0,20    0,2   14,5  11:46     28
 02   16,5   21,6  16:41   13,2  05:38    1,8    0,0   0,44    0,2   12,9  16:49    359
 03   16,5   21,8  11:46   12,1  06:14    1,9    0,0   0,10    1,0   17,7  09:36     88
 04   16,1   22,7  12:04   12,6  05:36    2,3    0,0   0,30    0,3   14,5  11:21     83
 05   16,8   23,6  13:03   12,8  01:41    1,6    0,0   0,22    0,5   14,5  13:42     42
 06   17,3   23,7  13:08   12,9  06:04    1,0    0,0   0,10    0,5   14,5  13:00     77
 07   18,4   27,3  12:45   11,6  06:09    0,0    0,0   0,04    1,1   16,1  13:26     80
 08   18,2   27,6  12:55   12,3  05:08    0,2    0,0   0,06    1,0   20,9  12:15     78
 09   17,1   25,3  13:11   12,2  05:13    1,2    0,0   0,58    0,6   16,1  14:28     76
 10   16,8   25,1  13:08   12,4  06:16    1,5    0,0   0,10    0,8   14,5  13:01     87
 11   16,8   22,6  12:24   13,6  23:57    1,5    0,0   0,10    0,2    9,7  10:07     90
 12   18,0   23,6  10:27   13,1  05:22    0,4    0,0   0,10    0,9   19,3  21:29     74
 13   17,4   22,9  12:11   12,8  04:23    1,0    0,0   0,00    3,1   29,0  08:58    346
 14   17,8   25,4  14:07   10,7  06:02    0,6    0,0   0,00    1,4   25,7  17:49     75
 15   18,6   27,1  15:05   14,1  06:16    0,0    0,2   0,16    0,8   16,1  11:54     70
 16   17,1   25,2  12:38   11,9  05:57    1,2    0,0   0,72    0,7   14,5  12:32     77
 17   18,3   25,1  13:42   13,1  04:01    0,0    0,0   0,02    1,6   20,9  16:10     66
 18   17,8   27,8  14:17   12,1  06:13    0,5    0,0   0,20    1,1   19,3  15:51     78
 19   17,4   22,6  10:09   12,5  05:41    0,9    0,0   0,02    0,8   14,5  10:21     91
 20   19,0   28,4  13:11   11,8  05:38    0,0    0,7   0,00    1,5   17,7  13:13     67
 21   18,2   24,4  15:35   13,6  05:26    0,1    0,0   0,04    1,0   25,7  12:21     26
 22   16,1   23,0  09:36   13,5  05:42    2,3    0,0   0,00    0,9   16,1  09:15     92
 23
 24
 25
 26
 27
 28
 29
 30
 31
---------------------------------------------------------------------------------------
      17,4   28,4     20   10,7     14   21,9    1,0   3,50    0,9   29,0     13     64
    
