                   MONTHLY CLIMATOLOGICAL SUMMARY for jul 2019


NAME: Mlaga, Santander, Colombia                  
ELEV: 2200 meters    LAT: 06-42.23 N    LONG: 072-43.79 W


                   TEMPERATURE (C), RAIN (cm), WIND SPEED (km/h)

                                         HEAT   COOL         AVG
      MEAN                               DEG    DEG          WIND                   DOM
DAY   TEMP   HIGH   TIME    LOW   TIME   DAYS   DAYS   RAIN  SPEED   HIGH   TIME    DIR
---------------------------------------------------------------------------------------
 01   17,0   24,3  11:25   12,4  05:38    1,3    0,0   0,10    1,2   14,5  10:23     24
 02   17,9   23,1  15:34   13,9  03:55    0,4    0,0   0,10    2,5   27,4  12:32    336
 03   19,6   28,4  13:25   12,3  06:17    0,0    1,3   0,00    3,0   24,1  11:58      5
 04   19,1   28,9  13:09   11,4  05:51    0,0    0,8   0,16    1,6   17,7  17:00     60
 05   17,7   25,8  11:16   12,2  05:49    0,7    0,0   0,06    1,7   35,4  12:34    341
 06   17,7   24,1  13:15   11,9  04:32    0,7    0,0   0,00    1,1   17,7  10:20    126
 07   19,5   28,4  14:20   12,5  06:20    0,0    1,2   0,00    1,8   19,3  12:40     71
 08   18,7   25,7  14:07   13,5  05:56    0,0    0,3   0,10    1,2   20,9  10:50     19
 09   15,7   19,4  12:35   11,9  23:57    2,7    0,0   0,36    0,6   12,9  12:50    354
 10   17,0   24,6  13:05   11,2  01:35    1,3    0,0   0,24    1,4   17,7  11:29     76
 11   17,6   25,7  13:22   10,6  05:59    0,8    0,0   0,02    1,4   16,1  12:36     81
 12   17,5   24,3  13:23   11,7  06:09    0,8    0,0   0,06    1,3   12,9  09:45     82
 13   17,4   23,2  14:12   12,2  06:07    1,0    0,0   0,02    1,3   16,1  14:15     21
 14   18,3   26,5  13:04   12,7  05:28    0,0    0,0   0,04    2,4   27,4  13:49    351
 15   17,5   26,9  13:20   11,4  04:58    0,9    0,0   0,00    1,5   17,7  11:40     42
 16   16,1   25,2  12:12   10,8  05:03    2,2    0,0   0,54    1,4   17,7  11:12     41
 17   18,7   27,7  13:23   11,9  04:25    0,0    0,3   0,00    1,5   19,3  11:07     84
 18   18,2   26,2  12:14   13,1  04:19    0,1    0,0   0,00    1,9   20,9  15:55     71
 19   18,8   25,4  15:35   12,8  05:46    0,0    0,5   0,00    1,8   19,3  15:01    351
 20   18,4   27,7  14:16   13,2  06:01    0,0    0,0   0,02    1,8   29,0  17:08     46
 21   19,3   28,4  14:13   13,8  06:11    0,0    0,9   0,56    1,8   25,7  12:22     27
 22   18,1   26,2  14:01   13,3  06:06    0,2    0,0   0,02    1,4   22,5  14:39     20
 23   17,4   23,3  12:18   12,6  05:53    1,0    0,0   0,00    2,2   27,4  12:23    342
 24   17,4   25,2  12:30   12,2  06:05    0,9    0,0   0,00    2,3   27,4  13:15    356
 25   17,7   27,2  14:00   10,2  05:53    0,6    0,0   0,04    1,8   20,9  14:14     70
 26   17,4   26,7  13:21   12,6  05:47    0,9    0,0   0,38    2,2   40,2  15:20    360
 27   18,0   24,5  12:16   11,8  04:58    0,4    0,0   0,00    4,1   38,6  12:25    330
 28   18,0   25,7  12:17   11,4  05:56    0,3    0,0   0,02    1,4   17,7  12:17     79
 29   18,8   26,9  13:34   12,3  06:10    0,0    0,4   1,14    1,4   14,5  13:44     81
 30   19,1   26,0  11:36   12,7  06:12    0,0    0,8   0,02    2,1   20,9  13:56    349
 31
---------------------------------------------------------------------------------------
      18,0   28,9     04   10,2     25   17,0    6,5   4,00    1,8   40,2     26     18
    
