                   MONTHLY CLIMATOLOGICAL SUMMARY for mar 2022


NAME: Malaga, Santander, Colombia                  
ELEV: 2200 meters    LAT: 06-42.23 N    LONG: 072-43.79 W


                   TEMPERATURE (C), RAIN (cm), WIND SPEED (km/h)

                                         HEAT   COOL         AVG
      MEAN                               DEG    DEG          WIND                   DOM
DAY   TEMP   HIGH   TIME    LOW   TIME   DAYS   DAYS   RAIN  SPEED   HIGH   TIME    DIR
---------------------------------------------------------------------------------------
 01   17,5   24,8  14:14   12,9  04:34    0,8    0,0   0,02    0,1   12,9  10:55     86
 02   16,3   20,3  09:30   13,1  22:34    2,0    0,0   0,16    0,0    6,4  10:40    N/A
 03   16,9   26,3  12:47   12,4  05:55    1,5    0,0   0,26    0,1   14,5  12:49     83
 04   17,1   25,1  13:26   11,7  02:21    1,3    0,0   0,30    0,1   16,1  14:06     89
 05   16,9   24,4  14:18   13,7  06:13    1,4    0,0   0,82    0,0   14,5  10:26     90
 06   15,4   18,7  10:38   12,8  23:57    3,0    0,0   0,56    0,0    6,4  17:11    N/A
 07   14,6   18,6  14:24   12,1  22:58    3,8    0,0   0,02    0,0    8,0  12:22    N/A
 08   15,7   20,7  13:11   10,8  05:30    2,6    0,0   0,04    0,0    4,8  08:19    N/A
 09
 10
 11
 12
 13
 14
 15
 16
 17
 18
 19
 20
 21
 22
 23
 24
 25
 26
 27
 28
 29
 30
 31
---------------------------------------------------------------------------------------
      16,3   26,3     03   10,8     08   16,4    0,0   2,18    0,0   16,1     04     87
    
