                   MONTHLY CLIMATOLOGICAL SUMMARY for ene 2023


NAME: Malaga, Santander, Colombia                  
ELEV: 2200 meters    LAT: 06-42.23 N    LONG: 072-43.79 W


                   TEMPERATURE (C), RAIN (cm), WIND SPEED (km/h)

                                         HEAT   COOL         AVG
      MEAN                               DEG    DEG          WIND                   DOM
DAY   TEMP   HIGH   TIME    LOW   TIME   DAYS   DAYS   RAIN  SPEED   HIGH   TIME    DIR
---------------------------------------------------------------------------------------
 01   19,0   23,8  13:33   14,9  07:45    0,0    0,7   0,00    0,2   14,5  15:13    115
 02   17,1   24,3  15:02   11,4  05:44    1,2    0,0   0,00    0,4   14,5  15:04     76
 03   15,1   18,5  10:44   13,6  03:11    3,2    0,0   1,22    0,0    9,7  09:29    161
 04   15,8   22,8  14:41   13,3  06:03    2,5    0,0   0,08    0,0    9,7  14:57    180
 05   17,2   25,8  12:35   12,2  06:21    1,2    0,0   0,04    0,0   11,3  11:48    102
 06   16,5   23,9  14:50   11,3  06:25    1,8    0,0   0,68    0,0   11,3  11:35     99
 07   15,8   23,4  13:22   11,4  06:24    2,5    0,0   1,82    0,1   11,3  00:17    112
 08   15,3   20,0  11:24   13,1  06:35    3,1    0,0   0,02    0,0    3,2  11:18    N/A
 09   16,3   21,1  12:20   12,8  06:50    2,1    0,0   2,44    0,0   16,1  22:40    177
 10   15,3   18,9  13:00   13,3  06:25    3,0    0,0   4,48    0,0    4,8  10:15    180
 11   14,5   21,3  11:05   12,8  05:50    3,9    0,0   0,04    0,0    4,8  10:10    N/A
 12   19,1   25,2  13:29   14,4  23:56    0,0    0,8   0,00    0,1   11,3  13:30     81
 13   17,1   24,6  12:27   11,7  06:06    1,2    0,0   0,02    0,1    9,7  09:55     68
 14   17,5   25,9  14:37   10,8  05:54    0,8    0,0   0,16    0,2   12,9  12:16     88
 15   18,5   26,1  13:46   13,7  06:25    0,0    0,1   0,00    0,3   16,1  12:43    108
 16   17,7   25,7  12:44   12,4  03:29    0,6    0,0   0,00    0,2   17,7  13:43     77
 17   17,3   25,5  12:15   12,2  06:33    1,0    0,0   0,80    0,2   12,9  11:15     79
 18   17,3   26,4  12:55   11,7  06:25    1,1    0,0   0,02    0,2   12,9  13:10     72
 19
 20
 21
 22
 23
 24   18,8   24,6  12:02   12,4  23:51    0,0    0,5   0,00    0,4   14,5  17:43    329
 25   17,8   26,4  14:49   10,2  04:30    0,5    0,0   0,00    1,2   32,2  19:53    326
 26   17,3   27,6  13:27    9,1  06:45    1,1    0,0   0,00    0,4   12,9  12:53     90
 27   16,4   28,2  14:06    9,2  06:40    1,9    0,0   0,00    0,0   12,9  12:23    132
 28   16,2   26,4  14:41    8,2  06:34    2,1    0,0   0,00    0,0   12,9  13:50     63
 29   17,0   28,3  12:53    9,3  06:08    1,4    0,0   0,00    0,0    9,7  13:44     81
 30   16,8   27,2  13:30    9,9  06:11    1,5    0,0   0,00    0,0   14,5  15:08    108
 31   16,8   26,6  13:44   10,3  06:25    1,6    0,0   0,00    0,1   11,3  15:22     84
---------------------------------------------------------------------------------------
      16,9   28,3     29    8,2     28   39,3    2,0  11,82    0,2   32,2     25     42
    
