                   MONTHLY CLIMATOLOGICAL SUMMARY for jul 2020


NAME: Mlaga, Santander, Colombia                  
ELEV: 2200 meters    LAT: 06-42.23 N    LONG: 072-43.79 W


                   TEMPERATURE (C), RAIN (cm), WIND SPEED (km/h)

                                         HEAT   COOL         AVG
      MEAN                               DEG    DEG          WIND                   DOM
DAY   TEMP   HIGH   TIME    LOW   TIME   DAYS   DAYS   RAIN  SPEED   HIGH   TIME    DIR
---------------------------------------------------------------------------------------
 01   17,5   24,5  13:44   14,1  05:59    0,8    0,0   0,04    0,4   14,5  13:54     51
 02   15,8   19,8  16:06   13,5  22:43    2,5    0,0   0,92    0,2   12,9  11:19     36
 03   17,2   25,9  12:48   11,2  04:57    1,1    0,0   0,00    0,7   14,5  11:31     82
 04   17,1   24,4  12:56   12,4  05:43    1,2    0,0   0,30    1,3   27,4  14:26    337
 05   16,8   25,3  13:38   10,2  05:36    1,5    0,0   0,00    0,9   14,5  10:10    114
 06   16,1   21,6  10:39   12,0  02:06    2,2    0,0   0,02    0,6   24,1  12:02    346
 07   17,0   23,6  11:44   12,7  05:51    1,3    0,0   0,40    0,6   14,5  13:29     10
 08   17,0   24,6  11:05   12,8  06:17    1,3    0,0   0,22    0,6   20,9  13:08    357
 09   18,5   26,8  14:34   12,1  01:42    0,0    0,2   0,02    3,2   30,6  16:42    334
 10   17,5   25,2  12:04   12,1  05:10    0,8    0,0   0,32    0,8   17,7  12:55     87
 11   15,6   18,5  16:23   13,2  05:58    2,7    0,0   0,58    0,1   12,9  14:20    345
 12   16,0   22,1  11:04   11,7  05:08    2,3    0,0   0,26    0,3   14,5  11:08     67
 13   18,3   25,6  15:06   12,2  05:39    0,0    0,0   0,00    2,2   29,0  18:07    339
 14   18,9   26,2  13:27   12,7  06:08    0,0    0,6   0,00    1,9   24,1  13:28    346
 15   18,8   26,7  13:31   13,9  05:11    0,0    0,5   0,00    1,1   29,0  11:47     56
 16   18,1   24,2  12:33   12,9  06:02    0,2    0,0   0,86    1,0   19,3  14:30    354
 17   16,9   24,9  13:01   12,9  04:57    1,5    0,0   0,38    0,7   17,7  14:01    355
 18   17,7   25,7  12:14   12,6  05:55    0,6    0,0   0,14    0,5   14,5  12:15     42
 19   18,5   26,6  12:02   12,9  05:10    0,0    0,2   0,24    1,1   17,7  13:25     84
 20   17,3   24,1  13:49   12,7  05:44    1,1    0,0   0,12    0,9   19,3  10:42     12
 21   16,6   22,2  10:36   12,7  05:15    1,8    0,0   0,24    0,4   14,5  10:51     86
 22   15,7   20,9  13:36   11,9  05:54    2,6    0,0   0,18    0,3   14,5  12:07     87
 23   16,9   22,9  12:34   11,9  00:20    1,4    0,0   0,00    0,7   12,9  15:11     81
 24   16,7   21,7  14:20   13,6  05:48    1,7    0,0   0,56    0,4   14,5  11:28     40
 25   16,8   22,3  14:42   13,1  03:35    1,5    0,0   0,02    0,4   12,9  11:43     45
 26   17,2   22,8  14:53   13,2  23:59    1,1    0,0   1,26    0,7   17,7  10:52    356
 27   16,4   23,7  12:36   12,9  00:35    1,9    0,0   0,16    0,4   12,9  11:18     75
 28   17,6   25,3  14:47   12,0  06:14    0,8    0,0   0,02    0,6   16,1  13:06     87
 29   17,7   26,7  13:53   10,7  06:03    0,6    0,0   0,10    0,9   16,1  11:51     73
 30   18,6   24,9  14:50   12,8  04:55    0,0    0,2   0,04    0,5   16,1  12:52     88
 31   19,3   25,6  14:29   14,0  05:43    0,0    1,0   0,02    0,7   17,7  10:07     14
---------------------------------------------------------------------------------------
      17,3   26,8     09   10,2     05   34,6    2,7   7,42    0,8   30,6     09     17
    
