                     CLIMATOLOGICAL SUMMARY for year 2019


NAME: Mlaga, Santander, Colombia                  
ELEV: 2200 meters    LAT: 06-42.23 N    LONG: 072-43.79 W


                                       TEMPERATURE (C)

                              HEAT    COOL                              MAX    MAX    MIN    MIN
          MEAN   MEAN         DEG     DEG                                >=     <=     <=     <=
 YR  MO   MAX    MIN    MEAN  DAYS    DAYS      HI  DAY     LOW  DAY     30      0      0    -20
------------------------------------------------------------------------------------------------
2019 01   25,6   13,5   18,6    3,7    3,8    29,4   01    12,7   05      0      0      0      0
2019 02
2019 03   25,0   13,5   17,7   13,8    5,5    29,6   18    10,9   25      0      0      0      0
2019 04   25,8   13,4   18,3   12,3   10,9    28,6   07    11,2   03      0      0      0      0
2019 05   25,3   13,5   18,1   15,7    8,7    29,1   01    11,5   18      0      0      0      0
2019 06   25,2   13,3   18,0   18,5    7,8    28,6   27    11,8   16      0      0      0      0
2019 07   25,7   12,2   18,0   17,3    5,9    28,9   04    10,2   25      0      0      0      0
2019 08   25,6   12,5   17,7   25,8    6,2    28,8   27    11,6   30      0      0      0      0
2019 09   25,6   12,9   18,1   20,6   11,5    29,4   11    11,3   22      0      0      0      0
2019 10   25,1   12,6   17,3   31,1    0,2    27,6   09    10,7   04      0      0      0      0
2019 11   25,0   13,2   17,9   17,7    5,3    28,8   08    11,5   24      0      0      0      0
2019 12   26,1   12,6   18,2   13,1    9,2    29,4   01    10,6   06      0      0      0      0
------------------------------------------------------------------------------------------------
          25,5   13,0   17,9  189,5   75,1    29,6  mar    10,2  jul      0      0      0      0


                  PRECIPITATION (cm)

                  MAX         ---DAYS OF RAIN---
                  OBS.               OVER
 YR  MO  TOTAL    DAY  DATE   0.03   0.30   3.00
------------------------------------------------
2019 01   0,68   0,44    01      3      1      0
2019 02
2019 03   6,88   1,44    29     13      7      0
2019 04  14,48   3,04    20     18     13      1
2019 05  17,32   2,70    20     21     13      0
2019 06   8,56   4,06    01     17      6      1
2019 07   4,16   1,14    29     15      5      0
2019 08   7,30   2,86    27     18      6      0
2019 09  11,78   2,56    18     17     11      0
2019 10  14,12   2,88    18     15     10      0
2019 11  21,48   4,10    10     14     11      3
2019 12   5,02   2,08    25      9      4      0
------------------------------------------------
        111,78   4,10   nov    160     87      5


           WIND SPEED (km/h)

                                DOM
 YR  MO    AVG     HI   DATE    DIR
-----------------------------------
2019 01    1,2   25,7     01     81
2019 02
2019 03    1,2   24,1     24     79
2019 04    1,4   24,1     07     76
2019 05    1,3   20,9     01     65
2019 06    1,7   33,8     22    358
2019 07    1,8   40,2     26     16
2019 08    1,3   27,4     19     34
2019 09    1,3   30,6     10     74
2019 10    0,8   30,6     15     84
2019 11    1,1   25,7     06    110
2019 12    0,8   32,2     25     98
-----------------------------------
           1,3   40,2    jul     56
