                   MONTHLY CLIMATOLOGICAL SUMMARY for ago 2022


NAME: Malaga, Santander, Colombia                  
ELEV: 2200 meters    LAT: 06-42.23 N    LONG: 072-43.79 W


                   TEMPERATURE (C), RAIN (cm), WIND SPEED (km/h)

                                         HEAT   COOL         AVG
      MEAN                               DEG    DEG          WIND                   DOM
DAY   TEMP   HIGH   TIME    LOW   TIME   DAYS   DAYS   RAIN  SPEED   HIGH   TIME    DIR
---------------------------------------------------------------------------------------
 01   17,7   24,8  11:33   12,7  05:32    0,6    0,0   0,04    0,0    9,7  10:59     90
 02   17,5   22,7  11:07   13,5  04:39    0,8    0,0   0,08    0,0   14,5  11:45     81
 03   17,2   22,7  13:31   13,4  06:35    1,1    0,0   1,20    0,0   12,9  14:52    338
 04   17,8   24,0  10:41   13,1  05:11    0,5    0,0   0,22    0,1   14,5  10:28     63
 05   16,7   23,1  11:05   12,4  04:25    1,6    0,0   0,20    0,0    8,0  10:40    N/A
 06   16,7   24,8  12:49   13,0  04:18    1,7    0,0   0,40    0,0   14,5  15:56    353
 07   17,5   26,1  13:02   11,8  05:05    0,8    0,0   0,00    0,1   12,9  12:47     53
 08   17,9   26,9  13:17   11,1  05:28    0,4    0,0   0,00    0,2   12,9  11:35     89
 09   17,2   26,2  12:25   11,5  05:04    1,2    0,0   0,28    0,5   22,5  16:24     64
 10   17,7   24,1  15:36   12,6  05:26    0,6    0,0   0,00    0,1   12,9  12:26     30
 11   18,4   24,3  11:45   13,6  05:48    0,0    0,1   0,00    0,1   16,1  14:40     10
 12   16,3   20,7  12:47   14,2  05:23    2,0    0,0   0,50    0,0    8,0  13:29    N/A
 13   15,8   22,7  13:35   12,3  22:41    2,5    0,0   0,70    0,0    8,0  16:43    135
 14   16,3   24,1  11:44   11,8  05:07    2,0    0,0   0,12    0,1   14,5  14:04    332
 15   17,2   24,3  13:16   13,4  03:55    1,2    0,0   0,06    0,1   14,5  14:34      5
 16   15,8   23,2  12:29   11,8  23:54    2,5    0,0   0,80    0,0   12,9  12:16     75
 17   18,3   26,9  14:21   10,6  05:09    0,0    0,0   0,02    1,0   24,1  12:48    357
 18   18,3   27,3  14:24   10,2  06:09    0,0    0,0   0,00    0,1   12,9  11:40     81
 19   19,1   28,1  12:02   10,6  06:02    0,0    0,7   0,00    0,1   16,1  15:19     91
 20   18,0   23,9  13:21   13,2  05:47    0,4    0,0   1,32    0,0   14,5  09:06    180
 21   17,1   24,4  11:08   13,2  05:35    1,2    0,0   0,44    0,1   11,3  10:50     92
 22   16,7   22,8  11:27   13,9  05:28    1,6    0,0   0,68    0,0    8,0  10:09     56
 23   16,8   23,0  13:29   12,7  05:53    1,5    0,0   0,04    0,0    9,7  12:16     56
 24   18,0   24,8  12:02   13,3  04:28    0,3    0,0   0,68    0,1   14,5  11:00    156
 25   16,8   22,9  11:29   12,3  05:48    1,5    0,0   0,04    0,0    6,4  11:13    236
 26   15,8   21,4  12:07   13,4  05:46    2,5    0,0   1,04    0,0   16,1  13:08    246
 27   17,4   25,1  14:25   11,3  06:22    0,9    0,0   0,14    0,2   12,9  11:27     52
 28   17,8   25,4  12:47   12,9  23:09    0,5    0,0   3,86    0,2   14,5  22:08     74
 29   15,9   20,8  10:37   12,3  06:05    2,5    0,0   0,54    0,0    6,4  09:03     34
 30   17,8   25,8  15:05   12,4  06:31    0,6    0,0   0,00    0,1   11,3  12:04     93
 31   17,6   23,7  13:10   12,8  05:46    0,7    0,0   0,58    0,1   11,3  12:38     88
---------------------------------------------------------------------------------------
      17,3   28,1     19   10,2     18   33,8    0,8  13,98    0,1   24,1     17     49
    
