                     CLIMATOLOGICAL SUMMARY for year 2021


NAME: Mlaga, Santander, Colombia                  
ELEV: 2200 meters    LAT: 06-42.23 N    LONG: 072-43.79 W


                                       TEMPERATURE (C)

                              HEAT    COOL                              MAX    MAX    MIN    MIN
          MEAN   MEAN         DEG     DEG                                >=     <=     <=     <=
 YR  MO   MAX    MIN    MEAN  DAYS    DAYS      HI  DAY     LOW  DAY     30      0      0    -20
------------------------------------------------------------------------------------------------
2021 01   26,5   11,5   17,6   23,3    2,1    29,4   30     8,8   20      0      0      0      0
2021 02   26,6   12,2   17,9   15,7    4,5    29,7   04     8,6   18      0      0      0      0
2021 03   24,6   12,3   17,2   34,8    0,7    27,3   21     8,4   03      0      0      0      0
2021 04   25,1   13,1   17,9   21,2    7,8    28,2   20    10,1   19      0      0      0      0
2021 05   24,6   13,1   17,6   28,3    6,1    29,0   13    10,8   01      0      0      0      0
2021 06   23,8   12,6   17,3   27,9    0,4    27,0   25    10,3   16      0      0      0      0
2021 07   24,5   12,6   17,4   21,9    1,0    28,4   20    10,7   14      0      0      0      0
2021 08
2021 09
2021 10
2021 11
2021 12
------------------------------------------------------------------------------------------------
          25,2   12,5   17,6  173,0   22,5    29,7  feb     8,4  mar      0      0      0      0


                  PRECIPITATION (cm)

                  MAX         ---DAYS OF RAIN---
                  OBS.               OVER
 YR  MO  TOTAL    DAY  DATE   0.03   0.30   3.00
------------------------------------------------
2021 01   0,62   0,32    11      4      1      0
2021 02  11,70   2,68    07     15      9      0
2021 03   9,46   1,88    26     19     13      0
2021 04  13,94   3,08    29     23     13      1
2021 05  17,34   2,24    02     22     16      0
2021 06   8,40   3,14    25     12      5      1
2021 07   3,50   0,72    16     16      4      0
2021 08
2021 09
2021 10
2021 11
2021 12
------------------------------------------------
         64,96   3,14   jun    111     61      2


           WIND SPEED (km/h)

                                DOM
 YR  MO    AVG     HI   DATE    DIR
-----------------------------------
2021 01    0,8   27,4     19     85
2021 02    0,7   32,2     01     80
2021 03    0,5   32,2     08     91
2021 04    0,5   25,7     03     84
2021 05    0,8   32,2     25     83
2021 06    0,6   38,6     15     70
2021 07    0,9   29,0     13     64
2021 08
2021 09
2021 10
2021 11
2021 12
-----------------------------------
           0,7   38,6    jun     81
