                   MONTHLY CLIMATOLOGICAL SUMMARY for feb 2023


NAME: Malaga, Santander, Colombia                  
ELEV: 2200 meters    LAT: 06-42.23 N    LONG: 072-43.79 W


                   TEMPERATURE (C), RAIN (cm), WIND SPEED (km/h)

                                         HEAT   COOL         AVG
      MEAN                               DEG    DEG          WIND                   DOM
DAY   TEMP   HIGH   TIME    LOW   TIME   DAYS   DAYS   RAIN  SPEED   HIGH   TIME    DIR
---------------------------------------------------------------------------------------
 01   16,4   24,9  14:14   10,2  06:44    2,0    0,0   0,00    0,1   12,9  12:17     74
 02   16,7   27,1  14:02    9,3  06:34    1,6    0,0   0,00    0,0   11,3  11:30     92
 03   17,4   27,6  14:38    9,5  06:24    1,0    0,0   0,00    0,1   16,1  15:31     98
 04   18,4   26,8  13:53   13,4  04:51    0,0    0,1   0,00    0,1   12,9  13:00     90
 05   18,5   28,3  12:25   11,9  06:16    0,0    0,1   0,00    0,4   22,5  13:16    341
 06   14,9   22,2  16:25   12,3  04:18    3,4    0,0   0,40    0,0    8,0  10:49    146
 07   16,2   26,7  14:01   10,4  06:15    2,2    0,0   0,48    0,1   12,9  14:25     73
 08   17,5   27,6  15:02   11,2  05:28    0,9    0,0   0,88    0,6   16,1  17:27     84
 09   17,6   26,7  13:49   12,8  05:52    0,7    0,0   0,06    0,3   12,9  13:22    101
 10   18,7   28,1  13:57   11,0  06:08    0,0    0,4   1,64    0,8   16,1  23:50     88
 11   18,5   27,2  14:48   12,4  06:05    0,0    0,2   1,34    0,1   12,9  12:28     84
 12   19,1   27,1  12:58   15,2  06:34    0,0    0,8   0,00    0,1   12,9  12:51     79
 13   18,3   24,7  12:19   14,5  06:07    0,1    0,0   1,20    0,0    8,0  13:09     24
 14   18,2   27,9  12:51   13,4  02:50    0,1    0,0   0,90    0,1   17,7  16:26     85
 15   18,6   27,4  12:59   13,3  06:37    0,0    0,3   0,48    0,1    9,7  10:47     95
 16   17,4   23,8  14:00   13,1  06:08    0,9    0,0   0,04    0,0    8,0  09:38     68
 17   17,3   26,3  12:56   12,6  03:26    1,0    0,0   1,12    0,2   16,1  14:41     55
 18   17,3   26,8  14:14   11,3  03:47    1,0    0,0   0,00    0,4   16,1  14:16     80
 19   16,7   27,1  13:36   10,6  05:11    1,6    0,0   0,78    1,0   19,3  17:15     87
 20   17,3   26,8  13:23   10,7  06:00    1,1    0,0   0,00    0,3   14,5  16:15    100
 21   15,7   22,4  13:15   12,4  01:38    2,6    0,0   0,78    0,1   11,3  13:50    108
 22   15,5   20,9  14:45   12,3  23:58    2,8    0,0   0,02    0,0    6,4  10:18    N/A
 23   16,8   27,8  15:07    9,2  06:12    1,6    0,0   0,00    0,8   14,5  13:40     77
 24   17,0   27,2  14:06    9,9  05:23    1,3    0,0   0,00    0,7   17,7  12:55     88
 25   18,0   28,2  14:31   10,3  02:55    0,4    0,0   0,00    0,9   14,5  10:18     89
 26   18,2   27,8  13:13   12,2  06:37    0,1    0,0   0,80    0,9   16,1  13:20    133
 27   17,9   28,1  14:06   11,2  05:59    0,5    0,0   0,34    0,3   19,3  15:53    106
 28   19,2   29,4  14:31   12,3  06:08    0,0    0,8   0,14    0,6   27,4  18:17     79
---------------------------------------------------------------------------------------
      17,5   29,4     28    9,2     23   26,8    2,7  11,40    0,3   27,4     28     86
    
