                   MONTHLY CLIMATOLOGICAL SUMMARY for may 2021


NAME: Mlaga, Santander, Colombia                  
ELEV: 2200 meters    LAT: 06-42.23 N    LONG: 072-43.79 W


                   TEMPERATURE (C), RAIN (cm), WIND SPEED (km/h)

                                         HEAT   COOL         AVG
      MEAN                               DEG    DEG          WIND                   DOM
DAY   TEMP   HIGH   TIME    LOW   TIME   DAYS   DAYS   RAIN  SPEED   HIGH   TIME    DIR
---------------------------------------------------------------------------------------
 01   16,2   23,3  11:45   10,8  06:02    2,1    0,0   0,58    0,7   14,5  11:01     91
 02   15,9   21,5  11:34   13,7  03:07    2,4    0,0   2,24    0,7   14,5  10:46    107
 03   15,5   19,3  13:34   12,9  05:11    2,8    0,0   1,04    0,8   11,3  13:38     65
 04   16,0   21,7  11:40   13,5  05:17    2,3    0,0   1,34    0,9   14,5  13:11     99
 05   16,7   23,1  13:38   13,4  06:52    1,7    0,0   2,16    0,8   12,9  13:47     89
 06   16,4   22,0  13:40   12,7  05:30    1,9    0,0   1,76    1,1   11,3  09:51     89
 07   16,7   24,4  12:28   11,9  05:45    1,6    0,0   0,68    0,8   11,3  11:49     83
 08   17,0   22,9  13:02   12,3  06:00    1,3    0,0   0,60    1,3   11,3  10:08     69
 09   18,1   25,2  11:33   12,9  05:56    0,3    0,0   0,06    1,5   19,3  10:32     77
 10   17,5   25,7  13:10   13,8  07:20    0,9    0,0   0,48    1,2   20,9  16:14     81
 11   17,6   25,1  11:36   11,7  06:03    0,7    0,0   0,02    1,2   12,9  13:25     86
 12   18,1   26,8  11:26   13,3  03:13    0,3    0,0   0,22    1,6   19,3  12:00     90
 13   19,3   29,0  13:36   12,8  04:01    0,0    1,0   0,00    1,5   17,7  13:40     56
 14   19,4   28,3  12:37   11,9  05:46    0,0    1,1   0,00    1,4   19,3  10:40     86
 15   19,7   27,9  13:52   13,8  04:49    0,0    1,4   0,00    1,5   14,5  11:39     89
 16   18,5   26,1  12:31   14,9  05:58    0,0    0,1   1,04    0,8   17,7  12:33     87
 17   17,1   23,3  13:07   14,3  23:59    1,3    0,0   0,34    0,6   12,9  09:38     77
 18   18,4   26,6  13:30   12,9  04:15    0,0    0,1   0,50    0,9   14,5  14:30     86
 19   18,7   27,9  14:14   13,2  05:52    0,0    0,4   0,06    0,9   19,3  12:58     87
 20   17,0   25,2  11:34   13,2  05:13    1,3    0,0   0,14    0,3   14,5  11:50     78
 21   18,8   26,9  12:40   11,6  05:40    0,0    0,4   0,02    0,8   17,7  13:05     97
 22   18,0   26,6  12:14   12,7  05:40    0,3    0,0   0,08    0,2   12,9  11:48     60
 23   18,8   26,4  12:05   14,2  05:34    0,0    0,4   0,16    0,3   16,1  12:26     86
 24   18,0   24,7  10:35   11,8  06:00    0,4    0,0   0,02    0,3   16,1  10:09     89
 25   18,8   24,9  14:50   13,9  05:51    0,0    0,5   0,00    0,8   32,2  17:16    344
 26   19,1   26,1  12:14   13,3  05:54    0,0    0,7   0,00    0,6   16,1  12:56    108
 27   17,2   22,0  11:05   14,0  23:05    1,1    0,0   0,40    0,1    9,7  08:35     92
 28   17,0   22,6  13:25   13,4  02:45    1,3    0,0   0,00    0,2   14,5  11:05     95
 29   16,1   18,3  13:14   14,8  05:55    2,3    0,0   1,62    0,0    9,7  19:56     90
 30   16,6   21,1  10:24   13,2  05:45    1,7    0,0   0,36    0,0   11,3  08:59    108
 31   17,9   26,4  12:37   12,5  06:00    0,5    0,0   1,42    0,6   22,5  11:05     79
---------------------------------------------------------------------------------------
      17,6   29,0     13   10,8     01   28,3    6,1  17,34    0,8   32,2     25     83
    
