                   MONTHLY CLIMATOLOGICAL SUMMARY for ene 2019


NAME: Malaga Santander, Colombia                  
ELEV: 2200 meters    LAT: 06-42.23 N    LONG: 072-43.79 W


                   TEMPERATURE (C), RAIN (cm), WIND SPEED (km/h)

                                         HEAT   COOL         AVG
      MEAN                               DEG    DEG          WIND                   DOM
DAY   TEMP   HIGH   TIME    LOW   TIME   DAYS   DAYS   RAIN  SPEED   HIGH   TIME    DIR
---------------------------------------------------------------------------------------
 01   20,2   29,4  17:50   14,1  10:45    0,0    1,8   0,44    1,7   25,7  22:00     73
 02   18,9   27,2  18:00   15,2  06:45    0,0    0,6   0,16    1,4   17,7  18:30     85
 03   17,4   22,4  19:20   13,2  08:10    1,0    0,0   0,08    0,5   11,3  03:20     61
 04   19,0   28,1  17:55   12,9  09:15    0,0    0,7   0,00    1,6   19,3  18:00     82
 05   19,1   28,6  19:00   12,7  10:55    0,0    0,7   0,00    1,3   16,1  19:15     74
 06   15,6   17,9  00:05   13,1  09:55    2,8    0,0   0,00    0,4    4,8  02:25    180
 07
 08
 09
 10
 11
 12
 13
 14
 15
 16
 17
 18
 19
 20
 21
 22
 23
 24
 25
 26
 27
 28
 29
 30
 31
---------------------------------------------------------------------------------------
      18,6   29,4     01   12,7     05    3,7    3,8   0,68    1,2   25,7     01     81
    
