                   MONTHLY CLIMATOLOGICAL SUMMARY for sep 2022


NAME: Malaga, Santander, Colombia                  
ELEV: 2200 meters    LAT: 06-42.23 N    LONG: 072-43.79 W


                   TEMPERATURE (C), RAIN (cm), WIND SPEED (km/h)

                                         HEAT   COOL         AVG
      MEAN                               DEG    DEG          WIND                   DOM
DAY   TEMP   HIGH   TIME    LOW   TIME   DAYS   DAYS   RAIN  SPEED   HIGH   TIME    DIR
---------------------------------------------------------------------------------------
 01   16,9   22,7  11:34   13,9  05:12    1,4    0,0   2,20    0,0    6,4  11:26    101
 02   18,6   26,3  12:43   13,3  06:08    0,0    0,3   0,66    0,1   12,9  13:38     75
 03   17,9   27,4  13:20   13,5  23:13    0,4    0,0   1,10    0,2   14,5  14:15    118
 04   17,8   24,4  15:12   13,2  06:12    0,5    0,0   0,12    0,2   19,3  13:43    339
 05   17,2   23,2  14:30   11,8  05:17    1,2    0,0   0,40    0,2   16,1  14:38    336
 06   17,5   23,6  14:10   13,8  05:39    0,9    0,0   0,02    0,0   12,9  15:06    259
 07   18,3   26,4  14:01   14,1  06:11    0,0    0,0   0,08    0,1   16,1  12:43    348
 08   17,0   21,6  11:54   13,3  06:16    1,3    0,0   1,02    0,0    6,4  03:26    124
 09   17,4   25,2  11:51   11,9  05:24    0,9    0,0   0,06    0,8   20,9  13:07      5
 10   18,1   26,4  12:01   12,1  06:07    0,3    0,0   1,02    0,4   16,1  12:01    111
 11   17,7   25,9  13:38   12,8  00:01    0,6    0,0   0,00    0,2   12,9  09:29     59
 12   17,0   23,8  13:11   13,1  23:42    1,3    0,0   0,58    0,1   11,3  20:07    121
 13   16,8   24,9  13:24   12,4  05:51    1,5    0,0   0,44    0,1   19,3  17:38    140
 14   17,5   26,2  13:42   11,1  05:57    0,8    0,0   0,02    0,2   14,5  12:12     55
 15   18,8   27,7  12:53   13,1  05:55    0,0    0,5   0,00    0,2   12,9  10:32    110
 16   17,1   25,7  11:59   12,8  04:27    1,2    0,0   0,02    0,1   16,1  11:58     88
 17   17,7   26,1  13:17   11,6  05:38    0,6    0,0   0,00    0,1   12,9  13:49     26
 18   17,5   24,5  11:31   13,0  05:16    0,8    0,0   1,52    0,1   12,9  15:08    114
 19   16,2   21,5  11:48   13,9  04:21    2,1    0,0   0,84    0,1   11,3  11:58     56
 20   17,3   24,9  12:29   14,1  05:49    1,0    0,0   0,98    0,1   12,9  11:18     79
 21   15,8   21,1  11:43   12,5  23:24    2,5    0,0   1,82    0,0    9,7  11:44     68
 22   15,6   21,3  11:32   11,6  04:42    2,8    0,0   0,16    0,0    6,4  09:42      0
 23   17,2   25,0  11:39   12,0  06:10    1,1    0,0   1,56    0,1   14,5  11:50     82
 24   17,1   26,0  12:13   13,7  04:05    1,2    0,0   0,52    0,2   14,5  11:26     53
 25   18,1   26,2  14:52   12,6  05:35    0,2    0,0   0,00    0,2   14,5  11:05     61
 26   18,5   26,9  13:19   13,0  05:35    0,0    0,1   0,14    0,3   14,5  14:23     74
 27   17,4   25,6  13:32   11,7  05:53    0,9    0,0   0,52    0,1   12,9  14:12     46
 28   16,7   23,6  14:27   14,1  06:02    1,7    0,0   0,52    0,0   11,3  16:05    N/A
 29   16,2   23,2  12:50   12,8  04:30    2,2    0,0   3,00    0,0    8,0  13:10    N/A
 30   15,8   22,2  12:32   11,8  05:56    2,5    0,0   0,70    0,0    9,7  12:27     34
---------------------------------------------------------------------------------------
      17,3   27,7     15   11,1     14   32,1    0,9  20,02    0,1   20,9     09     50
    
