                   MONTHLY CLIMATOLOGICAL SUMMARY for sep 2021


NAME: Mlaga, Santander, Colombia                  
ELEV: 2200 meters    LAT: 06-42.23 N    LONG: 072-43.79 W


                   TEMPERATURE (C), RAIN (cm), WIND SPEED (km/h)

                                         HEAT   COOL         AVG
      MEAN                               DEG    DEG          WIND                   DOM
DAY   TEMP   HIGH   TIME    LOW   TIME   DAYS   DAYS   RAIN  SPEED   HIGH   TIME    DIR
---------------------------------------------------------------------------------------
 01   16,7   22,1  10:49   12,7  06:05    1,6    0,0   0,72    0,3   16,1  13:50     91
 02   17,2   25,7  14:08   12,3  05:34    1,1    0,0   0,40    0,4   14,5  12:18     83
 03   17,4   27,1  13:07   11,6  02:51    1,0    0,0   0,00    1,4   24,1  13:20     56
 04   17,6   26,6  13:37   10,2  05:33    0,8    0,0   0,08    1,1   16,1  11:11     92
 05   16,9   26,1  13:16   14,2  04:28    1,4    0,0   2,20    0,6   16,1  15:36     83
 06   17,2   25,3  12:37   13,5  06:15    1,1    0,0   0,72    0,6   14,5  13:09     85
 07   16,3   20,8  12:02   13,3  05:22    2,0    0,0   0,78    0,4   14,5  12:04     89
 08   17,1   24,2  14:09   13,2  23:36    1,2    0,0   0,34    0,4   14,5  10:03     72
 09   17,4   24,8  14:39   11,7  05:27    0,9    0,0   0,00    1,1   14,5  13:52     83
 10   17,9   25,8  11:21   12,1  04:46    0,4    0,0   0,06    1,2   17,7  11:15     84
 11   17,4   24,7  13:53   13,3  05:57    1,0    0,0   0,12    1,1   17,7  14:36     87
 12   17,5   23,3  15:28   12,6  06:12    0,9    0,0   0,00    1,0   19,3  09:53     90
 13   18,3   27,1  14:28   10,8  05:59    0,0    0,0   0,00    1,6   19,3  17:40     89
 14   17,2   27,1  14:06   11,2  06:01    1,1    0,0   0,12    1,1   17,7  13:09     83
 15   17,5   26,2  13:05   11,2  05:56    0,8    0,0   0,06    1,4   17,7  10:22     90
 16   17,1   24,7  14:19   11,6  05:45    1,2    0,0   0,00    1,3   19,3  10:34     91
 17   17,6   26,8  12:52   11,9  05:51    0,8    0,0   0,70    1,1   16,1  10:09     85
 18   18,4   26,5  12:54   12,1  06:03    0,0    0,0   0,10    1,0   14,5  10:22     85
 19   16,8   22,1  14:51   14,3  23:26    1,6    0,0   1,28    0,5   14,5  14:09     92
 20   17,9   27,0  14:34   13,1  06:44    0,4    0,0   0,28    0,9   17,7  12:24     78
 21   15,9   21,9  12:31   12,4  06:40    2,4    0,0   1,26    0,1   12,9  14:44     90
 22   17,1   25,4  13:40   12,2  06:10    1,2    0,0   0,12    0,9   19,3  13:43     63
 23   17,7   25,8  14:41   12,1  05:42    0,6    0,0   0,10    1,2   17,7  10:29     50
 24   16,9   25,1  11:47   13,0  06:10    1,4    0,0   0,10    0,7   19,3  12:22     56
 25   18,0   24,5  11:02   13,4  05:18    0,3    0,0   0,00    1,2   22,5  14:59     81
 26   17,7   26,3  11:31   10,6  05:46    0,6    0,0   0,00    0,9   17,7  10:18     85
 27   18,3   27,1  12:25   11,9  04:55    0,1    0,0   0,30    1,3   17,7  11:19     87
 28   17,9   23,8  14:14   12,7  05:33    0,4    0,0   0,48    1,1   14,5  10:34     87
 29   16,7   26,3  13:17   12,7  03:54    1,6    0,0   1,24    1,1   17,7  13:46     78
 30   16,8   23,8  12:48   14,1  06:00    1,5    0,0   2,50    0,5   14,5  13:10     90
---------------------------------------------------------------------------------------
      17,3   27,1     03   10,2     04   29,6    0,0  14,06    0,9   24,1     03     83
    
