                   MONTHLY CLIMATOLOGICAL SUMMARY for dic 2019


NAME: Mlaga, Santander, Colombia                  
ELEV: 2200 meters    LAT: 06-42.23 N    LONG: 072-43.79 W


                   TEMPERATURE (C), RAIN (cm), WIND SPEED (km/h)

                                         HEAT   COOL         AVG
      MEAN                               DEG    DEG          WIND                   DOM
DAY   TEMP   HIGH   TIME    LOW   TIME   DAYS   DAYS   RAIN  SPEED   HIGH   TIME    DIR
---------------------------------------------------------------------------------------
 01   19,4   29,4  13:36   12,2  05:48    0,0    1,0   0,00    1,8   17,7  14:51     99
 02   19,5   26,6  13:03   13,6  06:02    0,0    1,2   0,00    1,8   16,1  09:39     81
 03   18,3   25,4  13:31   13,2  05:57    0,0    0,0   0,00    1,4   19,3  13:46    114
 04   18,0   26,9  13:37   11,9  05:59    0,4    0,0   0,02    1,7   19,3  12:16     91
 05   17,2   25,1  12:38   11,9  05:54    1,1    0,0   0,00    1,5   14,5  10:46    103
 06   17,6   26,3  13:51   10,6  05:05    0,8    0,0   0,00    2,0   16,1  11:08    115
 07   17,4   25,9  13:12   11,1  05:13    0,9    0,0   0,00    1,1   19,3  12:23    116
 08   17,7   24,9  14:41   11,6  06:08    0,7    0,0   0,00    0,7   19,3  11:39    115
 09   17,8   26,7  14:16   11,8  06:17    0,5    0,0   0,00    0,5   16,1  11:01    115
 10   18,2   26,5  12:46   11,7  06:10    0,1    0,0   0,00    0,6   17,7  13:15    115
 11   16,6   24,9  13:10   11,3  06:01    1,7    0,0   1,54    0,7   16,1  11:58    101
 12   17,2   24,6  14:18   13,3  00:06    1,1    0,0   0,00    0,6   20,9  14:56    154
 13   17,8   25,9  13:28   12,4  03:28    0,6    0,0   0,00    0,6   17,7  12:10    121
 14   16,4   20,8  14:19   12,0  06:05    1,9    0,0   0,22    0,2   16,1  14:00    119
 15   17,3   23,6  12:34   14,1  21:36    1,1    0,0   0,36    0,3   17,7  12:51    121
 16   18,0   27,4  12:47   11,9  06:04    0,3    0,0   0,00    0,6   24,1  13:29    344
 17   18,3   25,8  11:59   11,6  06:12    0,1    0,0   0,00    0,4   16,1  12:03     64
 18   18,0   24,2  13:03   12,7  06:18    0,3    0,0   0,04    0,4   16,1  13:01     82
 19   18,6   26,8  12:30   11,6  05:57    0,0    0,3   0,00    0,7   19,3  16:47     12
 20   18,4   27,3  12:16   12,6  04:36    0,0    0,1   0,00    1,8   30,6  12:43    334
 21   17,0   26,1  11:39   13,2  04:52    1,4    0,0   0,30    0,2   16,1  09:57    116
 22   18,8   27,3  12:51   12,8  06:12    0,0    0,4   0,00    0,3   17,7  15:12     87
 23   18,8   27,9  14:07   11,9  06:07    0,0    0,4   0,00    0,6   16,1  10:52    136
 24   19,5   28,4  14:02   12,2  06:14    0,0    1,2   0,00    0,6   16,1  09:45    125
 25   18,2   26,2  12:48   13,9  06:04    0,1    0,0   2,08    0,6   32,2  15:51    170
 26   19,1   26,0  14:10   14,7  05:09    0,0    0,7   0,28    0,2   16,1  10:53    112
 27   19,5   27,1  13:55   14,6  06:44    0,0    1,2   0,00    0,2   17,7  11:41    123
 28   19,3   26,7  13:15   14,1  06:38    0,0    0,9   0,00    0,2   16,1  12:14    115
 29   18,8   26,6  13:39   12,1  06:26    0,0    0,5   0,04    0,1   14,5  10:38     99
 30   19,4   26,7  13:37   13,4  06:15    0,0    1,1   0,00    0,4   17,7  12:45    139
 31   18,5   24,1  15:06   15,1  05:50    0,0    0,2   0,14    0,4   17,7  11:56    142
---------------------------------------------------------------------------------------
      18,2   29,4     01   10,6     06   13,1    9,2   5,02    0,8   32,2     25     98
    
