                   MONTHLY CLIMATOLOGICAL SUMMARY for may 2020


NAME: Mlaga, Santander, Colombia                  
ELEV: 2200 meters    LAT: 06-42.23 N    LONG: 072-43.79 W


                   TEMPERATURE (C), RAIN (cm), WIND SPEED (km/h)

                                         HEAT   COOL         AVG
      MEAN                               DEG    DEG          WIND                   DOM
DAY   TEMP   HIGH   TIME    LOW   TIME   DAYS   DAYS   RAIN  SPEED   HIGH   TIME    DIR
---------------------------------------------------------------------------------------
 01   18,5   23,8  15:46   14,4  05:30    0,0    0,2   0,70    0,6   12,9  09:38     16
 02   19,0   26,6  14:10   13,3  05:52    0,0    0,7   0,00    0,4   12,9  14:51     60
 03   18,9   26,7  12:30   13,6  04:24    0,0    0,5   0,00    0,9   17,7  14:08    108
 04   19,6   27,6  13:35   13,7  05:48    0,0    1,3   0,00    1,1   17,7  14:57     96
 05   19,2   29,5  13:02   13,4  05:26    0,0    0,9   0,54    1,1   17,7  11:19    108
 06   18,4   28,2  13:10   12,7  05:12    0,0    0,1   0,10    1,0   16,1  15:32    353
 07   20,1   28,7  12:48   14,7  01:19    0,0    1,7   0,00    1,3   20,9  11:37     91
 08   18,5   25,9  12:44   11,9  04:52    0,0    0,2   0,00    1,2   19,3  20:02    352
 09   19,5   26,1  16:03   13,5  05:25    0,0    1,2   0,00    0,8   17,7  10:43     55
 10   21,1   29,6  13:40   13,5  05:46    0,0    2,7   0,00    1,4   24,1  14:55    138
 11   20,8   27,9  12:10   15,7  05:38    0,0    2,4   0,00    1,1   19,3  15:06    121
 12   19,7   27,1  12:58   14,0  05:53    0,0    1,4   0,00    1,2   17,7  11:31    122
 13   18,9   25,7  14:25   14,5  05:25    0,0    0,5   0,14    0,9   17,7  11:40     59
 14   19,2   28,0  13:26   15,1  05:21    0,0    0,9   0,12    1,5   19,3  13:39    104
 15   18,8   27,9  13:28   13,9  02:10    0,0    0,5   1,24    2,0   17,7  09:36    118
 16   20,0   27,1  15:44   13,7  03:38    0,0    1,6   0,02    1,3   22,5  11:36    119
 17   20,2   27,1  12:03   15,7  05:45    0,0    1,9   0,00    1,3   17,7  15:56     72
 18   20,0   27,1  11:26   14,9  05:53    0,0    1,7   0,02    1,7   20,9  14:56     42
 19   18,9   24,3  12:53   14,4  04:10    0,0    0,6   0,02    1,3   17,7  10:39    130
 20   20,0   28,3  13:38   11,9  05:36    0,0    1,7   0,00    1,5   19,3  13:02     95
 21   20,6   28,8  12:13   13,4  04:26    0,0    2,3   0,00    1,7   19,3  10:12     66
 22   19,3   27,9  13:38   14,8  05:27    0,0    1,0   0,56    1,1   25,7  15:57     37
 23   20,1   29,1  13:07   14,2  02:46    0,0    1,8   0,00    2,2   25,7  13:32    347
 24   20,9   28,4  13:19   14,3  05:55    0,0    2,5   0,00    1,5   22,5  13:21    113
 25   20,6   28,9  13:51   14,8  05:42    0,0    2,3   1,22    1,4   17,7  10:32    132
 26   19,5   27,6  15:04   13,3  04:49    0,0    1,1   0,56    1,5   19,3  15:42    115
 27   17,6   24,9  11:10   14,2  03:05    0,7    0,0   0,46    0,7   14,5  15:30     43
 28   16,5   19,6  13:39   14,8  06:24    1,9    0,0   0,46    0,4   12,9  12:55     77
 29   18,5   26,7  13:56   14,7  05:41    0,0    0,2   0,88    1,1   16,1  11:18     68
 30   16,8   21,9  13:34   14,3  01:39    1,5    0,0   1,02    0,6   11,3  13:31     61
 31   16,9   23,1  14:47   12,7  05:08    1,4    0,0   0,30    0,7   12,9  13:39     60
---------------------------------------------------------------------------------------
      19,3   29,6     10   11,9     20    5,5   33,9   8,36    1,2   25,7     22     89
    
