                   MONTHLY CLIMATOLOGICAL SUMMARY for feb 2022


NAME: Malaga, Santander, Colombia                  
ELEV: 2200 meters    LAT: 06-42.23 N    LONG: 072-43.79 W


                   TEMPERATURE (C), RAIN (cm), WIND SPEED (km/h)

                                         HEAT   COOL         AVG
      MEAN                               DEG    DEG          WIND                   DOM
DAY   TEMP   HIGH   TIME    LOW   TIME   DAYS   DAYS   RAIN  SPEED   HIGH   TIME    DIR
---------------------------------------------------------------------------------------
 01   18,0   26,4  13:02   11,7  06:49    0,3    0,0   0,00    0,6   17,7  11:50     82
 02   18,3   28,1  14:20   12,3  06:46    0,0    0,0   0,00    1,1   17,7  13:20     98
 03   18,7   28,6  13:25   11,0  06:32    0,0    0,4   0,00    0,8   17,7  13:48     89
 04   18,6   25,9  11:58   15,2  06:26    0,0    0,3   0,12    0,5   16,1  11:50     86
 05   15,4   19,8  14:39   12,9  21:13    2,9    0,0   0,78    0,0    0,0  00:00    N/A
 06   17,3   25,4  15:03   13,0  03:10    1,0    0,0   0,70    0,2   12,9  11:49     88
 07   17,2   24,6  13:16   13,3  05:36    1,1    0,0   1,44    0,1   16,1  12:57    133
 08   16,1   23,3  12:32   12,5  06:39    2,3    0,0   0,04    0,1   14,5  12:52     84
 09   16,6   24,5  14:11   13,3  05:34    1,7    0,0   0,34    0,3   16,1  15:02    104
 10   17,5   24,8  12:42   11,7  05:39    0,9    0,0   0,00    0,9   17,7  11:38     86
 11   18,1   25,5  12:19   11,7  06:19    0,2    0,0   0,00    0,2   19,3  11:10     95
 12   18,7   27,3  11:57   11,1  06:25    0,0    0,4   0,00    0,3   24,1  12:53    109
 13   18,6   28,6  12:42   12,3  06:32    0,0    0,3   0,30    0,0   20,9  17:14    137
 14   17,5   24,2  14:37   13,1  23:57    0,8    0,0   1,00    0,0    9,7  17:43     90
 15   17,3   25,0  11:41   12,1  01:17    1,0    0,0   0,00    0,1   19,3  14:48     82
 16   18,2   27,7  13:22   10,4  06:16    0,1    0,0   0,04    0,0   16,1  13:30     84
 17   19,0   27,2  13:52   14,3  04:42    0,0    0,7   0,00    0,1   17,7  12:55    112
 18   19,0   26,2  11:29   14,6  06:46    0,0    0,6   0,00    0,1   17,7  14:12    110
 19   17,2   22,8  14:24   14,3  05:27    1,1    0,0   0,60    0,0    0,0  00:01    N/A
 20   17,4   25,5  15:22   12,2  06:38    0,9    0,0   0,02    0,1   37,0  14:35    128
 21   18,0   26,3  12:59   12,7  06:40    0,3    0,0   0,46    0,4   16,1  12:54     90
 22   18,3   27,6  13:11   13,8  06:18    0,0    0,0   0,00    0,5   27,4  15:15     91
 23   17,0   26,4  12:26   11,7  06:10    1,4    0,0   1,48    0,1   24,1  15:30     60
 24   18,1   27,0  13:25   11,5  06:02    0,2    0,0   0,00    0,2   19,3  15:20    109
 25   18,9   26,0  14:21   13,9  06:43    0,0    0,5   0,00    0,1   19,3  12:15    110
 26   19,0   28,1  14:34   14,3  06:40    0,0    0,7   1,08    0,1   17,7  12:55     87
 27   15,7   19,4  12:27   13,2  06:26    2,7    0,0   1,08    0,0    3,2  16:58    N/A
 28   16,1   19,9  12:26   14,4  03:26    2,3    0,0   0,88    0,0    6,4  14:58    N/A
---------------------------------------------------------------------------------------
      17,7   28,6     13   10,4     16   21,3    3,8  10,36    0,2   37,0     20     93
    
