                   MONTHLY CLIMATOLOGICAL SUMMARY for nov 2021


NAME: Malaga, Santander, Colombia                  
ELEV: 2200 meters    LAT: 06-42.23 N    LONG: 072-43.79 W


                   TEMPERATURE (C), RAIN (cm), WIND SPEED (km/h)

                                         HEAT   COOL         AVG
      MEAN                               DEG    DEG          WIND                   DOM
DAY   TEMP   HIGH   TIME    LOW   TIME   DAYS   DAYS   RAIN  SPEED   HIGH   TIME    DIR
---------------------------------------------------------------------------------------
 01   15,9   22,6  12:15   13,1  05:46    2,4    0,0   3,60    0,4   12,9  10:08     82
 02   16,9   23,6  14:27   12,3  05:16    1,4    0,0   0,00    0,5   11,3  12:21    109
 03   16,4   23,9  12:52   13,2  03:00    2,0    0,0   0,34    0,9   20,9  14:17     90
 04   16,1   20,9  10:39   13,2  23:59    2,3    0,0   0,62    0,4   14,5  10:50    108
 05   16,9   26,3  13:42   10,9  05:48    1,4    0,0   0,00    1,3   16,1  13:03     83
 06   18,0   27,6  13:23   10,9  05:52    0,3    0,0   0,00    1,1   16,1  10:31     94
 07   18,6   26,9  13:11   11,7  06:07    0,0    0,3   0,00    1,1   12,9  12:16     82
 08   18,0   24,8  14:44   12,7  05:28    0,3    0,0   0,00    1,3   16,1  12:49     74
 09   18,0   25,3  14:07   11,2  05:55    0,4    0,0   0,00    1,4   17,7  12:50     82
 10   18,4   25,9  12:03   13,3  06:16    0,0    0,0   0,06    1,3   19,3  10:56     82
 11   17,6   27,2  13:13   10,7  05:59    0,7    0,0   0,00    1,3   19,3  12:07     79
 12   17,9   27,4  13:31   10,6  05:56    0,5    0,0   0,00    1,0   16,1  13:12     81
 13   18,7   27,3  13:42   11,9  05:27    0,0    0,4   0,08    1,1   16,1  12:52     96
 14   18,8   25,9  13:46   14,6  06:17    0,0    0,4   0,00    1,3   17,7  13:31     90
 15   18,5   25,7  15:06   13,4  05:51    0,0    0,2   0,00    1,1   16,1  14:14     90
 16   18,0   27,3  13:33   11,7  05:53    0,4    0,0   0,00    1,0   16,1  11:30     88
 17   17,9   26,4  13:57   11,4  05:52    0,5    0,0   0,00    1,0   19,3  14:40     91
 18   17,8   26,3  13:07   11,4  05:59    0,5    0,0   0,00    1,0   19,3  13:17     90
 19   17,9   25,5  14:46   11,9  06:05    0,5    0,0   0,00    1,1   17,7  14:52     87
 20   17,2   26,3  12:56   11,3  05:45    1,2    0,0   1,68    1,0   19,3  16:39     77
 21   17,5   26,5  13:19   11,2  05:57    0,9    0,0   0,00    0,5   17,7  13:13     83
 22   18,0   25,5  12:46   12,9  06:08    0,3    0,0   1,60    1,0   17,7  15:05    100
 23   16,9   23,3  11:39   13,9  01:44    1,5    0,0   1,86    0,6   12,9  11:52     64
 24   16,2   19,8  12:41   13,7  06:24    2,2    0,0   0,36    0,4    8,0  09:48     59
 25   17,5   25,9  12:17   12,3  05:09    0,9    0,0   0,08    1,2   14,5  11:46     88
 26   17,1   23,8  15:21   13,7  04:55    1,2    0,0   0,06    1,1   16,1  13:06     55
 27   18,2   26,0  12:19   13,7  06:20    0,1    0,0   0,00    1,1   16,1  11:26     68
 28   17,8   27,6  12:54   11,9  06:14    0,6    0,0   0,14    0,9   14,5  12:57     76
 29   17,3   26,4  11:50   11,8  05:48    1,0    0,0   0,06    0,9   12,9  10:24     82
 30   17,6   27,0  13:32   12,7  04:36    0,7    0,0   0,00    1,1   19,3  14:02     79
---------------------------------------------------------------------------------------
      17,6   27,6     06   10,6     12   23,9    1,3  10,54    1,0   20,9     03     83
    
