                     CLIMATOLOGICAL SUMMARY for year 2023


NAME: Malaga, Santander, Colombia                  
ELEV: 2200 meters    LAT: 06-42.23 N    LONG: 072-43.79 W


                                       TEMPERATURE (C)

                              HEAT    COOL                              MAX    MAX    MIN    MIN
          MEAN   MEAN         DEG     DEG                                >=     <=     <=     <=
 YR  MO   MAX    MIN    MEAN  DAYS    DAYS      HI  DAY     LOW  DAY     30      0      0    -20
------------------------------------------------------------------------------------------------
2023 01   24,6   11,8   16,9   39,3    2,0    28,3   29     8,2   28      0      0      0      0
2023 02   26,5   11,7   17,5   26,8    2,7    29,4   28     9,2   23      0      0      0      0
2023 03   24,3   12,9   17,5   27,5    4,5    29,4   03    10,6   22      0      0      0      0
2023 04
2023 05
2023 06
2023 07
2023 08
2023 09
2023 10
2023 11
2023 12
------------------------------------------------------------------------------------------------
          25,2   12,1   17,3   93,6    9,2    29,4  feb     8,2  ene      0      0      0      0


                  PRECIPITATION (cm)

                  MAX         ---DAYS OF RAIN---
                  OBS.               OVER
 YR  MO  TOTAL    DAY  DATE   0.03   0.30   3.00
------------------------------------------------
2023 01  11,82   4,48    10     10      6      1
2023 02  11,40   1,64    10     16     13      0
2023 03  11,32   3,44    09     15      7      1
2023 04
2023 05
2023 06
2023 07
2023 08
2023 09
2023 10
2023 11
2023 12
------------------------------------------------
         34,54   4,48   ene     41     26      2


           WIND SPEED (km/h)

                                DOM
 YR  MO    AVG     HI   DATE    DIR
-----------------------------------
2023 01    0,2   32,2     25     42
2023 02    0,3   27,4     28     86
2023 03    0,2   22,5     19     68
2023 04
2023 05
2023 06
2023 07
2023 08
2023 09
2023 10
2023 11
2023 12
-----------------------------------
           0,2   32,2    ene     74
