                   MONTHLY CLIMATOLOGICAL SUMMARY for sep 2019


NAME: Mlaga, Santander, Colombia                  
ELEV: 2200 meters    LAT: 06-42.23 N    LONG: 072-43.79 W


                   TEMPERATURE (C), RAIN (cm), WIND SPEED (km/h)

                                         HEAT   COOL         AVG
      MEAN                               DEG    DEG          WIND                   DOM
DAY   TEMP   HIGH   TIME    LOW   TIME   DAYS   DAYS   RAIN  SPEED   HIGH   TIME    DIR
---------------------------------------------------------------------------------------
 01   18,7   25,1  13:16   14,0  23:50    0,0    0,3   0,00    0,9   14,5  13:41     61
 02   14,8   21,2  09:05   13,1  03:40    3,5    0,0   0,00    0,3   11,3  08:55     74
 03   20,0   25,6  15:27   15,9  23:58    0,0    1,6   0,00    1,0   12,9  16:14     89
 04   19,3   28,3  12:23   13,4  02:39    0,0    1,0   0,00    2,0   25,7  08:40     45
 05   17,5   27,6  12:56   12,8  06:03    0,8    0,0   0,38    1,1   19,3  14:45    102
 06   17,8   27,7  12:53   11,6  04:14    0,6    0,0   0,04    1,1   24,1  14:16     25
 07   19,3   28,1  12:48   11,7  05:44    0,0    1,0   0,00    2,1   27,4  11:04    117
 08   19,1   27,7  12:50   12,3  04:39    0,0    0,7   0,58    1,7   17,7  12:08     77
 09   18,8   26,5  15:05   12,0  03:03    0,0    0,4   0,02    1,0   17,7  11:20     16
 10   19,7   27,1  15:40   11,6  06:03    0,0    1,4   0,00    3,1   30,6  10:49    333
 11   20,2   29,4  14:30   13,3  03:11    0,0    1,9   0,00    1,5   19,3  14:36    110
 12   19,3   28,9  13:21   13,9  05:56    0,0    0,9   0,70    1,7   20,9  11:55     53
 13   18,6   26,3  13:58   12,3  05:59    0,0    0,3   0,04    1,4   17,7  09:15     94
 14   19,2   27,5  14:42   13,7  05:51    0,0    0,8   0,00    1,3   19,3  09:02    134
 15   18,9   28,8  13:02   13,4  06:16    0,0    0,6   0,18    1,5   19,3  11:53     85
 16   17,8   23,7  14:35   12,8  04:09    0,6    0,0   0,02    0,4   16,1  12:44     18
 17   17,6   24,3  13:34   14,4  05:54    0,7    0,0   0,12    0,2   14,5  14:02    130
 18   17,0   22,8  12:29   13,8  06:00    1,3    0,0   2,56    0,5   17,7  12:31    106
 19   16,5   21,4  11:36   13,3  05:38    1,8    0,0   0,54    0,9   16,1  11:40    115
 20   17,3   22,7  10:35   13,4  05:59    1,0    0,0   0,20    0,9   16,1  13:51     46
 21   15,6   20,5  13:50   11,7  23:54    2,8    0,0   0,56    0,4   17,7  13:00    340
 22   16,3   24,3  13:00   11,3  03:07    2,0    0,0   1,84    0,9   14,5  13:09     96
 23   16,2   22,4  13:43   13,5  05:44    2,1    0,0   1,86    1,1   17,7  09:21     76
 24   16,3   22,8  14:04   13,8  05:56    2,1    0,0   0,30    0,6    9,7  12:05     10
 25   17,9   26,1  12:55   13,4  03:53    0,4    0,0   0,04    1,3   14,5  11:06    119
 26   17,7   22,8  11:13   12,3  05:57    0,6    0,0   0,00    1,2   17,7  10:31     95
 27   18,6   28,1  14:16   11,4  05:29    0,0    0,3   0,00    1,9   17,7  10:45     85
 28   18,5   27,6  14:09   11,8  05:48    0,0    0,2   0,00    2,1   17,7  11:54    120
 29   18,3   26,6  14:17   13,4  06:01    0,0    0,0   0,62    2,1   17,7  11:19    113
 30   18,1   26,7  13:17   11,9  05:50    0,2    0,0   1,18    1,1   19,3  15:28     34
---------------------------------------------------------------------------------------
      18,1   29,4     11   11,3     22   20,6   11,5  11,78    1,3   30,6     10     74
    
