                   MONTHLY CLIMATOLOGICAL SUMMARY for feb 2020


NAME: Mlaga, Santander, Colombia                  
ELEV: 2200 meters    LAT: 06-42.23 N    LONG: 072-43.79 W


                   TEMPERATURE (C), RAIN (cm), WIND SPEED (km/h)

                                         HEAT   COOL         AVG
      MEAN                               DEG    DEG          WIND                   DOM
DAY   TEMP   HIGH   TIME    LOW   TIME   DAYS   DAYS   RAIN  SPEED   HIGH   TIME    DIR
---------------------------------------------------------------------------------------
 01   18,7   28,1  14:47   12,6  05:46    0,0    0,3   0,00    1,3   33,8  11:53    338
 02   18,6   27,1  13:38   12,6  06:37    0,0    0,3   0,00    0,8   20,9  10:36    119
 03   19,2   29,6  14:51   12,2  06:39    0,0    0,9   0,00    0,9   19,3  13:35    110
 04   18,3   29,8  14:12   10,8  06:14    0,0    0,0   0,00    0,7   17,7  10:51     89
 05   17,6   29,1  14:00   10,4  06:09    0,7    0,0   0,00    0,9   22,5  14:24    122
 06   17,1   28,8  14:36    8,6  05:24    1,2    0,0   0,00    1,0   20,9  12:48    122
 07   17,9   28,6  14:34    9,7  06:13    0,4    0,0   0,00    1,0   20,9  15:13    105
 08   18,6   26,9  14:41   13,4  06:16    0,0    0,3   0,00    1,4   40,2  16:55     74
 09   18,6   27,2  14:46   11,5  06:12    0,0    0,3   0,00    1,5   25,7  18:29      0
 10   20,3   30,1  14:51   14,4  01:41    0,0    1,9   0,00    1,4   17,7  05:18     98
 11   20,4   29,6  14:58   13,8  01:43    0,0    2,1   0,00    1,9   27,4  07:33    354
 12   19,8   29,6  13:40   13,4  06:36    0,0    1,5   0,26    1,0   19,3  10:43    123
 13   20,3   29,5  13:37   14,3  00:47    0,0    1,9   0,00    0,8   20,9  12:08     76
 14   19,6   28,8  13:03   14,8  01:04    0,0    1,3   0,20    1,2   25,7  16:39    189
 15   19,4   29,6  13:11   13,6  05:42    0,0    1,0   0,76    1,2   33,8  17:43    107
 16   19,2   29,2  12:58   12,2  06:18    0,0    0,8   0,02    1,1   29,0  16:58    331
 17   20,1   30,3  12:59   12,7  06:27    0,0    1,8   0,00    2,5   29,0  16:30    327
 18   20,2   30,7  13:51   11,3  05:58    0,0    1,8   0,00    1,8   22,5  17:52    105
 19   20,5   28,3  13:12   14,5  03:08    0,0    2,1   0,00    2,9   27,4  17:50    327
 20   19,7   28,3  12:27   14,2  05:47    0,0    1,4   0,38    1,1   20,9  10:08    137
 21   19,3   27,8  13:58   12,8  06:26    0,0    1,0   0,20    0,7   22,5  14:51    147
 22   18,2   24,8  12:06   15,2  23:57    0,1    0,0   0,86    0,2   16,1  13:50    115
 23   17,4   23,2  13:43   14,9  04:45    0,9    0,0   0,88    0,2   16,1  11:24    132
 24   19,5   26,3  14:42   14,9  06:39    0,0    1,2   0,02    0,8   20,9  15:04    131
 25   21,5   27,3  15:39   16,4  23:48    0,0    3,1   0,00    0,7   20,9  13:42    136
 26   19,1   26,0  13:11   14,2  06:29    0,0    0,7   0,00    0,7   19,3  11:47    123
 27   19,1   26,4  13:31   13,1  05:46    0,0    0,7   0,00    0,7   17,7  11:37    102
 28   18,6   28,1  13:37   11,8  06:02    0,0    0,3   0,00    0,5   17,7  10:32     94
 29   19,6   28,6  14:00   12,9  05:46    0,0    1,2   0,00    0,6   20,9  14:03    102
---------------------------------------------------------------------------------------
      19,1   30,7     18    8,6     06    3,4   28,0   3,58    1,1   40,2     08     48
    
