                   MONTHLY CLIMATOLOGICAL SUMMARY for mar 2020


NAME: Mlaga, Santander, Colombia                  
ELEV: 2200 meters    LAT: 06-42.23 N    LONG: 072-43.79 W


                   TEMPERATURE (C), RAIN (cm), WIND SPEED (km/h)

                                         HEAT   COOL         AVG
      MEAN                               DEG    DEG          WIND                   DOM
DAY   TEMP   HIGH   TIME    LOW   TIME   DAYS   DAYS   RAIN  SPEED   HIGH   TIME    DIR
---------------------------------------------------------------------------------------
 01   20,1   28,5  14:08   14,1  06:31    0,0    1,8   0,42    0,7   20,9  15:13    115
 02   19,9   28,7  13:12   13,9  06:31    0,0    1,6   0,00    0,3   17,7  11:09    100
 03   20,1   30,1  14:02   12,4  06:08    0,0    1,8   0,00    0,6   19,3  11:42    119
 04   19,6   29,8  13:49   12,9  03:00    0,0    1,3   0,00    0,6   22,5  11:44     98
 05   19,5   30,2  13:55   11,2  06:13    0,0    1,1   0,00    0,6   22,5  12:18    105
 06   20,0   28,9  13:13   13,5  06:30    0,0    1,7   0,00    0,8   29,0  15:19    135
 07   19,3   27,9  13:29   12,3  06:28    0,0    0,9   0,00    0,7   17,7  12:53    108
 08   18,9   28,3  14:13   11,7  06:14    0,0    0,6   0,14    0,9   19,3  14:29     94
 09   18,7   27,9  12:22   13,1  05:40    0,0    0,3   0,28    0,5   20,9  13:53     78
 10   18,6   26,9  14:45   13,4  23:52    0,0    0,3   1,22    1,0   25,7  13:19    143
 11   18,6   25,8  14:59   13,2  00:25    0,0    0,3   0,02    0,8   24,1  13:51    115
 12   19,8   27,4  13:03   16,2  04:04    0,0    1,5   0,00    0,4   25,7  11:13     97
 13   18,1   25,5  13:10   14,0  22:38    0,2    0,0   3,28    0,7   19,3  12:50     98
 14   17,5   22,4  11:12   13,4  06:20    0,8    0,0   0,40    0,2   12,9  10:13    132
 15   18,5   24,7  15:29   12,9  05:57    0,0    0,1   0,12    0,9   25,7  15:38    139
 16   17,9   26,4  15:12   14,2  23:33    0,4    0,0   4,14    1,8   19,3  16:18    114
 17   18,0   27,3  14:34   11,8  06:09    0,4    0,0   0,00    1,4   17,7  13:20    115
 18   17,9   26,9  14:19   11,6  05:05    0,4    0,0   0,00    1,0   16,1  12:11     92
 19   18,2   26,7  12:43   11,6  05:44    0,1    0,0   0,00    1,0   20,9  15:32    122
 20   15,3   18,9  09:16   12,4  06:14    3,1    0,0   0,04    0,3   14,5  13:34     86
 21   15,6   21,2  13:36   11,7  23:49    2,7    0,0   0,02    0,3   14,5  13:08    126
 22   17,1   26,9  14:03    9,9  05:58    1,3    0,0   0,00    0,6   17,7  14:43    131
 23   17,7   27,2  13:33   11,8  03:45    0,6    0,0   0,48    1,1   20,9  11:55    114
 24   17,7   26,2  13:17   12,1  06:30    0,7    0,0   0,52    0,6   25,7  11:32     98
 25   18,6   27,1  15:08   12,8  06:03    0,0    0,3   1,00    0,9   19,3  14:28    104
 26   18,9   26,6  14:35   13,5  05:03    0,0    0,6   0,40    1,1   16,1  11:04    122
 27   18,9   26,3  12:54   13,3  23:49    0,0    0,5   0,00    1,1   19,3  13:49    114
 28   18,5   28,3  13:50   11,0  05:42    0,0    0,2   0,00    0,8   22,5  12:18    104
 29   19,7   28,8  12:45   12,5  05:42    0,0    1,3   0,00    0,6   22,5  12:03    108
 30   19,2   26,7  12:07   13,2  06:05    0,0    0,9   0,14    0,9   19,3  11:35     78
 31   19,0   27,2  13:28   13,7  04:54    0,0    0,7   0,12    0,7   19,3  13:23     96
---------------------------------------------------------------------------------------
      18,6   30,2     05    9,9     22   10,8   17,8  12,74    0,8   29,0     06    110
    
