                   MONTHLY CLIMATOLOGICAL SUMMARY for jun 2019


NAME: Malaga Santander, Colombia                  
ELEV: 2200 meters    LAT: 06-42.23 N    LONG: 072-43.79 W


                   TEMPERATURE (C), RAIN (cm), WIND SPEED (km/h)

                                         HEAT   COOL         AVG
      MEAN                               DEG    DEG          WIND                   DOM
DAY   TEMP   HIGH   TIME    LOW   TIME   DAYS   DAYS   RAIN  SPEED   HIGH   TIME    DIR
---------------------------------------------------------------------------------------
 01   16,3   22,3  14:33   13,9  20:36    2,0    0,0   4,06    1,0   14,5  01:32      1
 02   17,8   25,2  13:20   13,9  04:52    0,6    0,0   1,12    0,8   14,5  13:55     93
 03   15,8   22,2  13:32   13,2  22:17    2,5    0,0   0,20    0,8   16,1  09:58    169
 04   18,4   27,1  12:39   12,3  04:57    0,0    0,0   0,00    1,9   20,9  15:00     32
 05   18,5   26,5  11:53   12,9  05:16    0,0    0,1   0,46    1,5   19,3  14:00     19
 06   16,7   24,3  11:16   12,3  04:56    1,7    0,0   0,36    1,1   16,1  09:54     55
 07   15,7   19,3  10:35   13,1  23:58    2,7    0,0   0,88    0,5    9,7  08:16     18
 08   17,2   25,5  12:24   11,9  02:44    1,2    0,0   0,06    0,6   14,5  12:38    350
 09   17,6   25,1  11:39   12,3  04:02    0,7    0,0   0,00    1,0   14,5  10:52     94
 10   17,8   26,2  14:27   13,3  05:43    0,5    0,0   0,00    1,4   20,9  13:12     36
 11   18,1   25,6  13:26   13,6  05:42    0,2    0,0   0,00    1,4   14,5  13:54     69
 12   18,9   25,6  13:59   13,8  05:58    0,0    0,6   0,00    2,0   17,7  15:20    359
 13   18,0   23,8  11:32   14,4  05:46    0,3    0,0   0,26    1,1   12,9  11:35     55
 14   17,9   25,8  12:18   13,7  22:08    0,4    0,0   0,12    1,4   14,5  10:42     64
 15   18,3   26,9  14:11   12,3  05:21    0,0    0,0   0,00    2,7   27,4  13:58    345
 16   17,9   25,3  13:14   11,8  05:43    0,5    0,0   0,00    1,1   16,1  10:51     12
 17   19,4   27,6  11:30   14,5  02:21    0,0    1,0   0,04    2,1   20,9  13:53    337
 18   19,1   25,6  14:19   14,2  23:48    0,0    0,8   0,14    1,6   16,1  08:51    140
 19   17,0   22,2  15:02   13,4  02:21    1,3    0,0   0,36    0,8   11,3  10:17     23
 20   18,4   24,3  11:55   13,3  04:30    0,0    0,0   0,00    2,2   17,7  15:00    149
 21   17,6   24,5  10:58   13,1  04:59    0,7    0,0   0,10    1,4   17,7  12:43    257
 22   19,3   26,2  14:33   15,3  03:39    0,0    1,0   0,00    5,0   33,8  15:50    325
 23   18,1   26,9  11:44   13,6  05:50    0,2    0,0   0,10    1,6   20,9  12:51    336
 24   17,2   23,7  12:11   12,3  04:48    1,1    0,0   0,08    1,1   12,9  11:24     93
 25   17,3   24,3  13:59   12,3  05:44    1,0    0,0   0,08    1,2   17,7  11:35     60
 26   19,7   27,3  13:39   13,6  03:57    0,0    1,4   0,00    6,0   33,8  17:55    329
 27   20,6   28,6  12:34   15,8  20:35    0,0    2,2   0,00    3,2   22,5  00:38    344
 28   19,0   26,9  12:48   12,8  04:07    0,0    0,6   0,00    1,7   17,7  09:24    122
 29   17,5   24,4  13:39   13,2  05:16    0,8    0,0   0,14    1,7   22,5  13:14    334
 30   18,3   25,7  12:53   12,6  05:47    0,1    0,0   0,00    2,5   32,2  15:37    342
---------------------------------------------------------------------------------------
      18,0   28,6     27   11,8     16   18,5    7,8   8,56    1,7   33,8     22    358
    
