                   MONTHLY CLIMATOLOGICAL SUMMARY for oct 2021


NAME: Malaga, Santander, Colombia                  
ELEV: 2200 meters    LAT: 06-42.23 N    LONG: 072-43.79 W


                   TEMPERATURE (C), RAIN (cm), WIND SPEED (km/h)

                                         HEAT   COOL         AVG
      MEAN                               DEG    DEG          WIND                   DOM
DAY   TEMP   HIGH   TIME    LOW   TIME   DAYS   DAYS   RAIN  SPEED   HIGH   TIME    DIR
---------------------------------------------------------------------------------------
 01   17,7   26,7  14:00   12,7  06:01    0,6    0,0   0,02    0,7   17,7  14:41     83
 02   18,8   27,9  13:25   11,9  05:43    0,0    0,5   0,16    1,7   24,1  14:38     79
 03   18,7   27,9  12:43   11,9  06:18    0,0    0,4   2,30    0,9   16,1  14:08     87
 04   18,6   27,2  13:27   12,6  05:56    0,0    0,3   0,00    0,7   14,5  12:42     92
 05   19,3   28,3  13:42   14,6  05:41    0,0    1,0   0,16    1,0   14,5  11:02     75
 06   17,4   23,1  13:51   12,8  00:00    0,9    0,0   0,00    0,6   12,9  12:41     92
 07   17,6   27,3  13:20   10,8  05:03    0,7    0,0   0,00    1,0   16,1  09:34     85
 08   18,0   26,1  12:40   12,3  05:00    0,3    0,0   0,00    1,1   17,7  13:45     87
 09   17,7   25,9  12:26   14,2  05:48    0,6    0,0   1,68    0,6   14,5  14:22     94
 10   17,8   25,7  12:41   13,8  04:20    0,5    0,0   0,88    0,8   14,5  12:29     82
 11   15,8   21,3  14:21   13,1  23:52    2,6    0,0   3,56    0,1   11,3  13:55     98
 12   17,5   25,1  11:07   11,9  05:48    0,8    0,0   1,30    0,2   14,5  12:10     75
 13   18,2   25,0  14:11   13,8  05:51    0,1    0,0   0,04    0,4   14,5  12:03     90
 14   18,0   27,7  13:56   13,6  23:27    0,3    0,0   2,52    0,6   19,3  16:07     89
 15   18,5   28,0  12:38   12,2  05:40    0,0    0,1   0,02    0,8   17,7  13:01     99
 16   16,7   24,9  13:26   12,1  23:57    1,7    0,0   1,26    0,7   14,5  12:13     90
 17   17,0   22,7  14:02   12,0  00:08    1,4    0,0   0,54    1,1   17,7  12:56     26
 18   17,5   26,2  13:50   13,3  05:49    0,8    0,0   0,22    1,0   14,5  11:13     39
 19   18,2   27,2  13:28   11,9  06:05    0,2    0,0   0,00    1,3   17,7  10:45     75
 20   17,4   24,8  12:38   11,0  04:20    0,9    0,0   0,00    1,2   17,7  12:38     81
 21   18,2   24,8  12:04   13,1  06:08    0,1    0,0   0,00    1,3   17,7  12:27     83
 22   18,6   26,5  13:27   12,6  05:42    0,0    0,2   0,02    0,9   17,7  12:09     98
 23   18,1   25,7  12:14   12,3  04:01    0,2    0,0   0,00    1,0   16,1  11:45     83
 24   18,0   26,0  13:18   11,9  06:00    0,4    0,0   0,00    1,2   17,7  13:06     88
 25   18,8   27,8  13:50   12,9  05:56    0,0    0,4   0,00    1,4   17,7  10:17     81
 26   17,5   25,4  11:55   12,2  05:12    0,9    0,0   0,14    0,9   14,5  09:59     87
 27   16,7   25,2  12:06   14,2  23:49    1,6    0,0   1,04    0,7   16,1  12:22     95
 28   16,8   26,4  12:51   13,2  03:30    1,5    0,0   1,48    0,7   16,1  12:04     89
 29   16,1   21,3  11:31   13,2  03:37    2,3    0,0   0,16    0,4   12,9  12:54     89
 30   16,2   20,6  09:29   13,8  06:00    2,1    0,0   0,42    0,5   12,9  09:28     87
 31   15,8   21,4  13:34   13,6  04:56    2,6    0,0   0,46    0,1    6,4  14:50    114
---------------------------------------------------------------------------------------
      17,7   28,3     05   10,8     07   24,2    3,0  18,38    0,8   24,1     02     83
    
