                   MONTHLY CLIMATOLOGICAL SUMMARY for dic 2021


NAME: Malaga, Santander, Colombia                  
ELEV: 2200 meters    LAT: 06-42.23 N    LONG: 072-43.79 W


                   TEMPERATURE (C), RAIN (cm), WIND SPEED (km/h)

                                         HEAT   COOL         AVG
      MEAN                               DEG    DEG          WIND                   DOM
DAY   TEMP   HIGH   TIME    LOW   TIME   DAYS   DAYS   RAIN  SPEED   HIGH   TIME    DIR
---------------------------------------------------------------------------------------
 01   16,8   25,6  12:31   10,8  05:08    1,6    0,0   0,00    1,0   17,7  12:52     82
 02   17,1   26,7  13:20   11,2  05:34    1,3    0,0   0,00    0,9   16,1  12:56     70
 03   17,9   26,8  13:51   11,6  05:15    0,4    0,0   0,00    1,3   16,1  12:57     87
 04   18,1   26,6  13:10   12,1  06:01    0,3    0,0   0,00    0,9   17,7  13:14     89
 05   18,1   26,8  14:03   12,3  06:13    0,3    0,0   0,00    1,3   16,1  11:23     86
 06   18,8   27,6  13:13   11,6  05:56    0,0    0,4   0,00    1,3   17,7  12:04     87
 07   18,6   28,2  14:04   11,8  06:07    0,0    0,3   0,00    1,2   19,3  14:06     83
 08   18,4   26,2  14:09   12,7  06:06    0,0    0,1   0,00    1,3   19,3  12:19     86
 09   19,1   27,0  13:21   13,3  06:15    0,0    0,8   0,00    1,2   17,7  14:08     77
 10   18,6   27,0  13:31   12,4  05:49    0,0    0,3   0,00    1,3   16,1  12:25     93
 11   18,1   25,4  12:53   12,1  05:53    0,3    0,0   0,00    1,1   14,5  11:14     83
 12   17,8   24,6  12:50   11,8  06:03    0,5    0,0   0,00    1,5   20,9  14:43    117
 13   17,6   25,9  12:38   10,3  06:20    0,7    0,0   0,00    1,2   16,1  12:58     80
 14   18,1   26,8  13:33   10,8  05:19    0,2    0,0   0,00    1,2   14,5  11:55     94
 15   18,9   25,8  14:06   14,2  06:37    0,0    0,5   0,00    1,0   12,9  09:09     86
 16   19,3   27,9  13:19   13,3  06:13    0,0    1,0   0,00    1,2   16,1  11:47     85
 17   18,4   26,2  14:26   13,8  23:38    0,0    0,1   0,00    1,1   17,7  12:14     90
 18   18,7   26,3  13:04   13,4  03:25    0,0    0,4   0,00    0,9   16,1  13:36     85
 19   18,9   26,6  13:28   13,1  06:04    0,0    0,6   0,00    1,1   16,1  12:47     87
 20   19,4   26,9  13:41   13,9  06:27    0,0    1,0   0,00    1,2   16,1  11:16     96
 21   19,0   25,3  11:33   15,7  23:51    0,0    0,7   0,10    0,9   16,1  11:32     85
 22   17,5   24,0  12:34   14,4  03:35    0,8    0,0   1,06    0,3   16,1  12:49     94
 23   18,3   25,7  14:21   12,0  05:34    0,1    0,0   0,00    0,8   16,1  13:20    101
 24   18,6   26,2  14:00   12,3  06:20    0,0    0,3   0,00    0,8   16,1  12:16     91
 25   18,4   27,4  13:50   11,5  05:33    0,0    0,1   0,00    0,6   16,1  11:27     73
 26   18,5   27,3  13:00   11,9  06:16    0,0    0,2   0,16    0,2   16,1  11:41     91
 27   16,5   23,1  11:13   14,2  23:42    1,8    0,0   0,78    0,0   11,3  13:11     84
 28   17,5   26,4  14:35   12,1  04:05    0,9    0,0   0,00    0,6   16,1  13:42     95
 29   17,3   25,4  13:16   12,1  06:21    1,1    0,0   0,04    0,7   16,1  11:23     89
 30   17,2   25,8  13:16   11,9  23:52    1,2    0,0   0,08    0,9   14,5  11:54     90
 31   18,0   27,1  14:34   10,3  06:18    0,4    0,0   0,00    0,4   14,5  10:13     98
---------------------------------------------------------------------------------------
      18,2   28,2     07   10,3     31   11,6    6,6   2,22    1,0   20,9     12     88
    
