                     CLIMATOLOGICAL SUMMARY for year 2022


NAME: Malaga, Santander, Colombia                  
ELEV: 2200 meters    LAT: 06-42.23 N    LONG: 072-43.79 W


                                       TEMPERATURE (C)

                              HEAT    COOL                              MAX    MAX    MIN    MIN
          MEAN   MEAN         DEG     DEG                                >=     <=     <=     <=
 YR  MO   MAX    MIN    MEAN  DAYS    DAYS      HI  DAY     LOW  DAY     30      0      0    -20
------------------------------------------------------------------------------------------------
2022 01   26,3   11,8   17,7   24,4    5,3    29,6   20     8,3   06      0      0      0      0
2022 02   25,4   12,8   17,7   21,3    3,8    28,6   13    10,4   16      0      0      0      0
2022 03   22,4   12,4   16,3   16,4    0,0    26,3   03    10,8   08      0      0      0      0
2022 04
2022 05   24,5   13,5   18,3    8,9    9,6    28,9   22    10,7   20      0      0      0      0
2022 06   23,2   12,2   16,6   51,9    0,3    27,5   10    10,7   06      0      0      0      0
2022 07   24,3   12,6   17,3   33,6    0,8    27,6   30    10,5   30      0      0      0      0
2022 08   24,2   12,5   17,3   33,8    0,8    28,1   19    10,2   18      0      0      0      0
2022 09   24,7   12,8   17,3   32,1    0,9    27,7   15    11,1   14      0      0      0      0
2022 10   24,7   12,5   17,1   25,5    0,0    27,1   03    11,4   11      0      0      0      0
2022 11   23,3   12,9   16,9   38,2    0,1    26,9   19    11,2   23      0      0      0      0
2022 12   25,4   11,6   17,3   32,0    0,2    28,1   15     9,5   24      0      0      0      0
------------------------------------------------------------------------------------------------
          24,6   12,5   17,3  318,1   21,8    29,6  ene     8,3  ene      0      0      0      0


                  PRECIPITATION (cm)

                  MAX         ---DAYS OF RAIN---
                  OBS.               OVER
 YR  MO  TOTAL    DAY  DATE   0.03   0.30   3.00
------------------------------------------------
2022 01   2,60   1,46    25      4      3      0
2022 02  10,36   1,48    23     15     11      0
2022 03   2,18   0,82    05      6      2      0
2022 04
2022 05   4,18   1,58    20     10      3      0
2022 06   9,90   1,36    22     21     11      0
2022 07  10,00   2,22    27     20      8      0
2022 08  13,98   3,86    28     23     13      1
2022 09  20,02   3,00    29     23     18      0
2022 10  20,56   3,70    06     15     13      2
2022 11  15,84   2,54    09     20     12      0
2022 12   3,88   1,14    29      9      4      0
------------------------------------------------
        113,50   3,86   ago    166     98      3


           WIND SPEED (km/h)

                                DOM
 YR  MO    AVG     HI   DATE    DIR
-----------------------------------
2022 01    0,3   24,1     12     90
2022 02    0,2   37,0     20     93
2022 03    0,0   16,1     04     87
2022 04
2022 05    0,1   27,4     21    352
2022 06    0,1   16,1     10     72
2022 07    0,1   25,7     13     48
2022 08    0,1   24,1     17     49
2022 09    0,1   20,9     09     50
2022 10    0,1   20,9     11     35
2022 11    0,0   19,3     24    101
2022 12    0,3   19,3     23     89
-----------------------------------
           0,2   37,0    feb     78
