                   MONTHLY CLIMATOLOGICAL SUMMARY for oct 2020


NAME: Mlaga, Santander, Colombia                  
ELEV: 2200 meters    LAT: 06-42.23 N    LONG: 072-43.79 W


                   TEMPERATURE (C), RAIN (cm), WIND SPEED (km/h)

                                         HEAT   COOL         AVG
      MEAN                               DEG    DEG          WIND                   DOM
DAY   TEMP   HIGH   TIME    LOW   TIME   DAYS   DAYS   RAIN  SPEED   HIGH   TIME    DIR
---------------------------------------------------------------------------------------
 01   17,7   27,2  12:59   11,9  05:35    0,7    0,0   1,76    0,3   14,5  12:49     76
 02   17,6   25,4  11:57   14,1  05:59    0,8    0,0   0,12    0,6   16,1  12:40      9
 03   18,4   27,3  12:11   12,1  05:50    0,0    0,1   2,26    0,8   19,3  09:52     99
 04   17,6   25,8  14:25   13,8  02:09    0,7    0,0   1,76    1,3   24,1  12:19    343
 05   17,7   25,8  12:13   13,9  05:40    0,7    0,0   0,12    1,0   16,1  14:36     59
 06   16,4   23,1  11:13   12,4  22:32    1,9    0,0   0,24    0,9   14,5  13:03     77
 07   17,9   26,2  13:50   12,4  00:58    0,5    0,0   0,48    1,6   19,3  16:11     64
 08   17,0   24,2  15:16   12,9  23:57    1,4    0,0   0,62    1,1   12,9  14:24     16
 09   16,8   24,7  13:26   11,1  05:44    1,5    0,0   0,02    1,5   17,7  11:31      9
 10   16,9   26,7  12:51   11,2  05:26    1,4    0,0   0,18    1,3   14,5  12:41     68
 11   17,9   26,0  13:52   11,3  05:55    0,5    0,0   1,28    1,3   17,7  17:11    111
 12   17,2   23,7  12:10   13,6  05:03    1,1    0,0   0,36    0,5   17,7  13:02    343
 13   17,2   25,2  12:56   11,8  05:22    1,2    0,0   0,34    0,8   19,3  11:12     33
 14   17,8   25,3  14:16   13,9  05:57    0,6    0,0   0,42    1,2   19,3  11:42    346
 15   17,9   25,8  11:57   12,2  06:06    0,4    0,0   0,04    0,2   16,1  10:18     85
 16   19,6   27,7  13:27   12,4  05:35    0,0    1,2   0,00    0,8   20,9  12:20    106
 17   19,1   28,7  13:30   14,4  06:00    0,0    0,7   1,12    0,7   19,3  18:40    122
 18   18,2   27,4  13:15   13,8  02:45    0,2    0,0   0,76    0,6   22,5  13:40    354
 19   17,5   26,3  13:00   13,8  05:10    0,8    0,0   0,22    0,2   16,1  11:55     79
 20   18,3   25,8  12:05   14,2  23:30    0,0    0,0   0,78    0,3   16,1  13:05    109
 21   18,6   27,9  13:05   12,7  05:50    0,0    0,3   1,94    0,7   19,3  13:25     30
 22   18,4   26,4  13:50   12,9  05:00    0,0    0,1   0,20    1,0   16,1  10:05     79
 23   18,3   27,3  11:55   12,6  05:40    0,0    0,0   3,12    1,1   19,3  12:45     89
 24   16,9   22,3  13:35   12,9  06:15    1,4    0,0   0,24    0,7   12,9  10:40     89
 25   17,5   23,4  14:40   14,4  05:10    0,8    0,0   0,02    1,2   12,9  10:25     79
 26   18,7   25,3  11:50   13,3  06:00    0,0    0,3   0,00    2,0   17,7  13:30    100
 27   17,9   25,7  14:40   12,7  04:15    0,4    0,0   0,30    1,9   20,9  12:25    127
 28   17,4   24,8  12:55   13,6  21:50    0,9    0,0   0,92    1,8   17,7  13:00     92
 29   17,4   24,6  13:25   12,9  01:45    0,9    0,0   1,18    1,5   16,1  11:05     88
 30   17,0   23,1  12:45   14,1  05:20    1,3    0,0   2,00    1,3   14,5  12:55    105
 31   16,2   20,6  14:10   14,3  23:50    2,1    0,0   2,22    1,1   12,9  14:10    107
---------------------------------------------------------------------------------------
      17,7   28,7     17   11,1     09   22,4    2,7  25,02    1,0   24,1     04     74
    
